n przestawienia_dpqs porównania_dpqs
50 164 428
50 197 526
50 202 563
50 172 321
50 192 647
50 184 461
50 183 392
50 198 404
50 173 356
50 204 330
50 206 497
50 170 292
50 170 353
50 180 323
50 213 458
50 186 459
50 160 419
50 211 399
50 176 346
50 164 364
50 175 407
50 175 450
50 176 419
50 168 333
50 150 339
50 148 510
50 183 407
50 175 374
50 177 396
50 185 503
50 155 471
50 198 394
50 180 334
50 199 416
50 189 450
50 157 403
50 155 389
50 203 331
50 154 512
50 174 551
50 178 446
50 201 407
50 154 302
50 184 419
50 193 381
50 158 378
50 160 298
50 155 459
50 186 598
50 172 377
50 166 329
50 219 526
50 195 348
50 235 360
50 176 373
50 208 528
50 170 360
50 187 324
50 217 387
50 176 353
50 172 384
50 164 527
50 182 390
50 193 462
50 195 389
50 199 452
50 172 545
50 221 361
50 163 357
50 165 353
50 237 347
50 202 394
50 159 398
50 176 565
50 174 330
50 176 319
50 221 338
50 191 350
50 168 306
50 165 506
50 193 390
50 177 325
50 199 315
50 173 322
50 163 417
50 152 354
50 173 476
50 219 330
50 190 370
50 197 466
50 190 373
50 208 338
50 153 284
50 166 422
50 188 329
50 178 520
50 170 311
50 216 392
50 162 332
50 160 368
100 401 910
100 450 859
100 397 1129
100 389 1019
100 392 989
100 469 973
100 421 1025
100 452 850
100 388 820
100 466 1360
100 404 948
100 337 767
100 412 970
100 417 925
100 410 867
100 426 1094
100 382 1301
100 374 888
100 391 856
100 403 1075
100 410 875
100 438 874
100 431 878
100 466 1129
100 421 953
100 486 1025
100 421 1103
100 475 1177
100 398 1277
100 373 892
100 458 922
100 366 788
100 450 1072
100 433 1573
100 402 1172
100 422 1126
100 458 1102
100 434 1124
100 427 980
100 372 968
100 419 824
100 388 1056
100 371 1246
100 484 1107
100 408 1183
100 350 1227
100 396 1579
100 444 1146
100 404 920
100 393 811
100 491 808
100 426 1132
100 454 1307
100 383 889
100 365 988
100 436 995
100 509 1703
100 466 889
100 428 835
100 389 1024
100 448 1120
100 376 935
100 361 747
100 404 892
100 359 1350
100 386 1507
100 390 1325
100 487 1127
100 412 1098
100 477 912
100 429 895
100 411 1003
100 410 934
100 414 882
100 418 979
100 360 1113
100 386 1087
100 387 1262
100 417 1011
100 388 865
100 502 1459
100 355 1406
100 442 966
100 369 907
100 413 1161
100 415 1285
100 425 869
100 450 937
100 394 962
100 472 1198
100 455 994
100 434 1118
100 418 1119
100 367 1158
100 446 908
100 521 1034
100 354 1385
100 442 1250
100 485 986
100 460 855
150 676 1549
150 717 1745
150 635 2115
150 648 2418
150 653 1673
150 580 1847
150 738 1622
150 644 1624
150 631 1773
150 677 2768
150 796 1475
150 717 1593
150 733 1799
150 775 1807
150 873 1708
150 634 1663
150 634 1540
150 708 1759
150 736 1755
150 649 1627
150 666 1652
150 692 2289
150 737 1572
150 632 1669
150 660 1900
150 706 1601
150 754 1897
150 739 1579
150 737 1878
150 756 1913
150 634 1536
150 683 1982
150 634 1699
150 617 1926
150 661 1483
150 696 1981
150 588 1859
150 679 1808
150 620 1556
150 714 1537
150 682 1632
150 620 1736
150 811 1563
150 677 1622
150 741 1559
150 717 1674
150 684 1606
150 694 1724
150 801 1840
150 686 1918
150 744 1991
150 675 1509
150 758 2011
150 727 1613
150 675 1624
150 818 1738
150 666 1603
150 667 1800
150 664 2051
150 742 1871
150 830 1806
150 597 1774
150 612 2176
150 722 1685
150 678 1586
150 662 1653
150 526 2025
150 641 1955
150 642 1767
150 675 1452
150 661 1618
150 688 1699
150 672 1703
150 780 2035
150 732 1647
150 670 1738
150 638 1950
150 643 2407
150 778 2479
150 729 1722
150 591 1829
150 756 2243
150 771 1509
150 808 1788
150 749 1942
150 674 1578
150 649 1942
150 760 2009
150 715 1869
150 710 1685
150 661 2141
150 743 1496
150 692 1699
150 730 1714
150 662 1693
150 630 1837
150 691 1785
150 587 1899
150 558 2215
150 680 2102
200 1009 2723
200 1096 2607
200 832 2952
200 944 2768
200 1003 3207
200 1087 2857
200 920 2915
200 928 3655
200 907 2573
200 977 2675
200 972 2668
200 1042 3206
200 1023 2067
200 1079 2506
200 986 2997
200 903 2430
200 958 2274
200 1047 2952
200 1004 2640
200 954 2447
200 1085 3079
200 944 3030
200 981 2315
200 1007 3005
200 916 2378
200 917 2445
200 941 2369
200 943 3302
200 934 3168
200 919 3546
200 830 2158
200 954 2314
200 985 2680
200 892 2368
200 983 2409
200 1018 2699
200 1045 3121
200 1049 2891
200 985 3314
200 918 3042
200 996 3369
200 986 2529
200 1044 2418
200 983 2645
200 949 3751
200 929 2562
200 851 2855
200 1033 3070
200 942 2327
200 1129 2229
200 1028 2140
200 909 2939
200 1170 3252
200 1009 2405
200 857 2693
200 981 2927
200 901 2441
200 932 2833
200 918 3067
200 1055 3428
200 945 2716
200 1149 3221
200 862 2541
200 861 2228
200 795 2059
200 1079 2467
200 809 2801
200 794 2462
200 865 3213
200 919 2385
200 900 2521
200 986 2738
200 970 2738
200 958 2158
200 913 2769
200 1162 2499
200 963 2142
200 954 2675
200 953 2308
200 998 2625
200 807 3561
200 915 2460
200 1018 2773
200 963 3158
200 914 3130
200 840 2449
200 1031 2599
200 983 2660
200 944 3048
200 1217 3151
200 993 2158
200 1038 2601
200 971 2381
200 841 3555
200 1001 2249
200 851 3200
200 989 2326
200 929 2788
200 807 2834
200 912 3313
250 1342 4023
250 1246 4108
250 1119 3814
250 1204 3802
250 1239 4102
250 1296 5735
250 1222 2884
250 1105 3338
250 1280 4827
250 1190 2987
250 1246 4403
250 1329 3423
250 1333 3083
250 1073 3052
250 1242 4303
250 1243 3668
250 1304 3875
250 1239 3780
250 1416 4089
250 1308 3973
250 1244 3351
250 1454 4080
250 1416 3227
250 1273 3407
250 1288 3946
250 1254 2866
250 1357 3299
250 1117 3529
250 1156 3466
250 1231 3052
250 1322 3332
250 1159 3761
250 1116 3644
250 1278 3232
250 1378 3319
250 1528 3702
250 1470 3124
250 1307 3043
250 1281 3555
250 1333 2923
250 1235 3196
250 1183 3922
250 1201 3477
250 1245 6208
250 1395 3351
250 1329 3153
250 1301 3896
250 1492 3777
250 1412 3835
250 1275 3182
250 1185 3889
250 1255 3051
250 1361 3525
250 1159 3114
250 1393 4392
250 1218 3597
250 1322 3078
250 1225 3173
250 1264 3213
250 1195 3490
250 1215 4142
250 1354 3113
250 1230 3307
250 1612 3562
250 1048 4034
250 1149 3738
250 1354 4205
250 1244 3565
250 1265 3362
250 1280 3433
250 1117 2779
250 1328 3190
250 1348 3587
250 1412 3019
250 1190 2734
250 1274 3451
250 1353 2606
250 1364 3695
250 1294 3449
250 1338 4049
250 1134 3611
250 1426 4732
250 1151 4134
250 1365 3943
250 1215 2876
250 1186 3460
250 1257 3136
250 1203 4747
250 1303 4314
250 1223 3839
250 1386 3368
250 1239 3034
250 1222 5061
250 1261 4378
250 1245 3230
250 1189 3071
250 1146 4153
250 1092 3482
250 1257 3715
250 1238 3586
300 1332 5593
300 1622 3910
300 1730 3561
300 1588 3443
300 1465 3751
300 1627 5232
300 1649 4911
300 1669 4078
300 1765 5814
300 1562 3615
300 1762 4003
300 1652 5006
300 1464 5089
300 1517 5035
300 1551 5063
300 1552 3589
300 1539 4893
300 1568 4106
300 1635 4330
300 1511 4017
300 1591 4086
300 1522 6701
300 1540 5214
300 1447 4709
300 1393 4525
300 1619 4144
300 1559 4148
300 1598 6182
300 1588 5445
300 1742 4064
300 1400 5621
300 1476 3880
300 1523 3677
300 1695 3500
300 1520 3739
300 1585 4750
300 1754 4741
300 1536 4363
300 1509 4067
300 1685 4603
300 1649 4290
300 1861 3831
300 1428 3934
300 1485 5456
300 1559 6217
300 1535 4330
300 1465 4541
300 1463 4575
300 1515 4078
300 1555 3489
300 1441 3622
300 1588 4999
300 1721 6282
300 1420 4137
300 1420 3945
300 1664 6270
300 1480 3788
300 1437 4637
300 1882 6368
300 1525 4328
300 1547 4766
300 1722 4459
300 1955 4052
300 1474 4257
300 1536 3560
300 1386 4923
300 1615 5379
300 1551 4388
300 1541 6562
300 1673 4372
300 1578 4743
300 1499 4213
300 1650 3580
300 1900 6667
300 1493 3973
300 1590 4282
300 1658 4667
300 1467 4452
300 1741 4954
300 1588 3905
300 1406 5427
300 1405 5579
300 1616 4304
300 1389 4279
300 1464 4372
300 1490 3861
300 1487 5190
300 1642 3692
300 1588 4849
300 1661 4999
300 1575 4506
300 1616 3851
300 1741 4924
300 1489 4792
300 1479 6878
300 1518 4577
300 1537 3781
300 1633 3735
300 1427 5121
300 1795 6453
350 1880 5821
350 1670 7281
350 2059 5219
350 1892 6646
350 2086 5199
350 1865 4798
350 1970 5689
350 1781 4925
350 1860 5314
350 1802 5325
350 2212 4829
350 1850 5470
350 1963 5224
350 1954 5216
350 1730 6878
350 2242 5202
350 1716 4596
350 1678 5137
350 1683 7242
350 1905 5125
350 1677 7197
350 1885 5976
350 1878 4784
350 1886 6230
350 1837 6912
350 2046 4137
350 2007 5311
350 2170 7667
350 1849 5506
350 1922 4941
350 1884 4975
350 1866 5761
350 1814 5431
350 1777 4912
350 1900 4931
350 1847 4692
350 1778 5466
350 1762 5555
350 1959 6468
350 1736 4981
350 1828 6928
350 2008 5418
350 2160 6767
350 1770 6029
350 2171 4908
350 1933 4574
350 2002 4562
350 2005 5289
350 1913 7229
350 1844 5427
350 1841 4774
350 2002 4389
350 1977 4833
350 1687 5137
350 1824 4758
350 1877 4672
350 1849 4630
350 1862 6513
350 2121 6061
350 1752 5588
350 1838 5628
350 1762 5171
350 1920 5482
350 1957 4921
350 1789 5254
350 1900 4767
350 1649 5436
350 1943 6012
350 2121 5102
350 1797 6212
350 1935 4974
350 1845 6590
350 1704 5788
350 1893 4373
350 2227 5329
350 1612 4680
350 1698 4768
350 1622 5320
350 1807 6727
350 1708 5651
350 1774 5970
350 1814 4974
350 1930 4673
350 1803 5175
350 1942 6075
350 2044 4966
350 1871 8152
350 2043 8601
350 1760 5491
350 1738 5316
350 1766 6420
350 1800 5019
350 2134 5330
350 1924 5698
350 1983 5274
350 1839 4931
350 1886 5674
350 1781 6030
350 1940 4698
350 1821 4889
400 2283 8210
400 2191 6085
400 2189 6061
400 2280 7747
400 2292 7612
400 2085 7202
400 2303 6860
400 2293 8932
400 2428 6691
400 2038 5706
400 2334 6098
400 2387 6585
400 1961 6039
400 2269 5717
400 2266 6603
400 2209 7628
400 2438 6672
400 2233 6042
400 2165 7961
400 2004 6312
400 2030 6852
400 2221 6023
400 1923 8694
400 2079 6455
400 1925 7320
400 2156 5087
400 2327 6225
400 1872 6076
400 2115 5996
400 2253 5371
400 2105 6391
400 1992 5837
400 2072 12208
400 2058 7076
400 1748 6541
400 2319 6106
400 2376 6032
400 2007 6356
400 2023 5845
400 2546 6624
400 1880 5742
400 2184 5560
400 2045 6798
400 2126 10391
400 1960 5950
400 2233 5454
400 1862 5530
400 2279 5605
400 2139 6306
400 2174 6591
400 2204 7358
400 2165 7273
400 1874 8006
400 2168 5468
400 1936 8067
400 2166 6896
400 1962 5679
400 2103 7196
400 2229 5209
400 2342 6291
400 2162 6963
400 2015 6472
400 2280 5561
400 1880 6871
400 2197 7415
400 2071 5689
400 2239 5959
400 1980 6610
400 2150 5654
400 2328 6502
400 2227 9594
400 2008 6992
400 2123 6499
400 2299 5590
400 2095 6631
400 2026 6517
400 2235 5799
400 1928 5889
400 2366 5654
400 1965 5537
400 2183 5134
400 2233 8501
400 2053 5149
400 2088 7775
400 2255 6839
400 2208 5854
400 2171 8189
400 2273 6740
400 2075 7474
400 2016 5755
400 2176 5830
400 2342 6842
400 2234 7629
400 2179 7493
400 1966 6234
400 2132 5439
400 2071 10740
400 2353 5976
400 2309 6525
400 2165 5725
450 2638 9238
450 2641 7868
450 2524 6493
450 2638 6972
450 2604 8272
450 2499 7214
450 2540 7231
450 2676 8724
450 2379 7257
450 2327 6210
450 2641 6825
450 2327 6993
450 2522 6749
450 2326 7911
450 2582 14867
450 2559 9025
450 2388 7557
450 2567 6370
450 2668 6663
450 2705 8509
450 2458 7703
450 2579 6775
450 2370 6730
450 2664 9093
450 2471 9531
450 2616 7275
450 2660 6985
450 2520 6386
450 2571 7736
450 2559 7374
450 2186 7834
450 2529 8510
450 2647 6604
450 2822 11482
450 2331 7259
450 2514 6718
450 2286 7637
450 2678 7254
450 2354 7384
450 2704 10313
450 2612 7776
450 2230 8273
450 2349 6347
450 2438 6114
450 2778 8435
450 2446 8278
450 2638 7401
450 2357 6489
450 2398 8527
450 2551 7331
450 2799 8417
450 2340 7018
450 2740 9633
450 2757 8269
450 2345 8682
450 2523 7852
450 2699 7576
450 2545 8817
450 2709 8388
450 2343 8706
450 2765 6442
450 2383 6673
450 2555 7259
450 2225 9355
450 2626 6501
450 2525 7222
450 2380 6805
450 2345 7035
450 2436 6833
450 2688 7305
450 2699 8054
450 2259 6383
450 2751 6575
450 2418 7831
450 2519 10155
450 2579 7291
450 2607 6172
450 2621 7589
450 2454 6878
450 3189 6933
450 2741 9168
450 2567 5871
450 2641 6343
450 3126 7548
450 2594 7314
450 2354 6103
450 2166 8957
450 2769 8317
450 2577 6143
450 2452 6434
450 3081 6632
450 2213 8604
450 2415 7295
450 2853 8238
450 2388 6227
450 2603 6503
450 2758 7326
450 2507 8206
450 2728 6745
450 2311 6471
500 2821 8864
500 2857 8033
500 2723 9722
500 2816 8940
500 3051 7836
500 2801 8584
500 2751 6626
500 2960 8073
500 2637 10231
500 2783 7811
500 3099 9130
500 2765 9058
500 2787 6789
500 2865 7659
500 2931 7986
500 2809 7283
500 2704 7641
500 3302 7951
500 2762 8186
500 3018 7499
500 2603 7749
500 2507 9398
500 3351 10621
500 2567 8786
500 3178 8346
500 3033 9412
500 2526 10524
500 2843 9242
500 2397 9055
500 2578 9338
500 2699 8320
500 3062 9531
500 2924 9385
500 2910 8843
500 3125 8128
500 2878 7232
500 2807 7906
500 2567 7171
500 2596 7566
500 2645 6963
500 2700 8458
500 2921 7919
500 2741 6888
500 2876 6944
500 2799 7991
500 2947 7542
500 2711 7676
500 2876 6999
500 2582 9862
500 2799 8480
500 2949 7275
500 2946 9327
500 2745 8623
500 2627 9482
500 3145 9064
500 2758 7249
500 2669 7420
500 2648 10265
500 2793 9363
500 2805 10895
500 2639 7332
500 2813 8002
500 2514 9325
500 2920 10008
500 2755 8370
500 2855 10932
500 2775 7998
500 3154 7193
500 2736 9106
500 2856 9524
500 2675 9344
500 3041 7125
500 3220 10678
500 3088 6854
500 2743 7705
500 2941 7866
500 3071 9577
500 2815 8562
500 2648 10256
500 2891 7071
500 2947 8484
500 2953 8431
500 2890 11144
500 2911 7938
500 2677 7907
500 2834 7839
500 2865 8929
500 3021 7275
500 2343 12063
500 2695 7770
500 2659 7560
500 2838 7840
500 2593 8111
500 2610 7853
500 2740 8344
500 2917 8325
500 2492 8303
500 3026 7066
500 2612 7874
500 2727 8419
550 2796 11577
550 2941 12446
550 3136 10330
550 3238 7974
550 3296 9549
550 3039 10292
550 2975 10705
550 2899 8547
550 3216 10542
550 3490 9540
550 3307 9412
550 3360 9542
550 3005 8456
550 3342 9607
550 3210 7715
550 2771 10103
550 3365 8406
550 3062 9226
550 3365 12779
550 3036 9773
550 3155 8928
550 3269 10796
550 3507 11577
550 3263 9339
550 3313 9735
550 3168 9291
550 2979 8075
550 2787 8900
550 3171 7681
550 2861 9942
550 3125 9187
550 3179 8539
550 3305 8168
550 3083 10264
550 2940 11950
550 3049 10733
550 3122 8279
550 2917 8232
550 3217 11347
550 3071 9131
550 3100 8838
550 3243 10143
550 3184 11081
550 3088 8442
550 3241 10839
550 3370 7603
550 3092 10282
550 3331 9518
550 2999 8411
550 3123 11708
550 2836 9932
550 3232 10481
550 3408 9020
550 3736 11659
550 3723 11138
550 2762 11840
550 2941 9122
550 2973 8671
550 3330 9226
550 2945 8909
550 3196 8555
550 3096 8416
550 2996 11434
550 3302 9451
550 3240 12296
550 2882 9339
550 3344 11853
550 2856 10890
550 3401 8352
550 3451 9078
550 3270 8649
550 3040 13147
550 3045 8256
550 3181 9023
550 3153 8851
550 2963 9638
550 3174 11268
550 3052 8837
550 3550 11727
550 3130 9170
550 3261 9922
550 3633 10792
550 3257 10321
550 3328 11035
550 3313 9123
550 3293 8448
550 3508 8630
550 3599 9703
550 2827 9247
550 2817 8136
550 3320 8610
550 3798 9348
550 3288 10683
550 3131 9802
550 3023 11776
550 3276 10294
550 3240 8811
550 3183 7955
550 3093 8440
550 3099 8702
600 3437 17397
600 3127 11605
600 3281 15621
600 3395 12939
600 3425 13609
600 3367 11205
600 2971 13701
600 3297 9466
600 3457 9428
600 3593 10776
600 3679 12385
600 3797 10121
600 3725 11366
600 3609 9149
600 3549 10689
600 3808 12377
600 3453 11220
600 3399 11492
600 3564 8588
600 3144 9906
600 3917 9806
600 3522 11387
600 3414 10861
600 3925 9290
600 3575 8777
600 3571 12426
600 4000 12291
600 3744 10933
600 3839 9505
600 3432 11165
600 3333 12820
600 3072 11083
600 3419 12704
600 3571 11256
600 3482 14632
600 3907 13029
600 3389 9522
600 3178 9446
600 4034 12319
600 3259 9954
600 3459 11586
600 3561 10024
600 3368 13096
600 3451 8679
600 3717 8743
600 3190 14251
600 3303 9736
600 3538 9238
600 3869 13006
600 3555 10155
600 3201 12344
600 3213 11991
600 3381 12262
600 3474 8851
600 3790 10289
600 3461 9385
600 3408 12235
600 3861 9840
600 3870 9605
600 3587 10339
600 3204 10879
600 3258 10268
600 3120 9983
600 3561 9269
600 3626 8596
600 3667 9394
600 3175 12333
600 3656 12443
600 3437 10573
600 3509 10467
600 3805 10647
600 3651 9636
600 3712 13998
600 3494 9326
600 3497 8479
600 3504 10591
600 3550 12287
600 3805 15591
600 3696 18899
600 3135 9948
600 3576 10855
600 3648 10651
600 3124 13211
600 3200 11834
600 3157 11794
600 3434 9384
600 3180 9923
600 3724 11847
600 3473 9977
600 3598 8553
600 3376 10279
600 3228 10540
600 3619 9238
600 3364 8526
600 3420 10529
600 3675 11970
600 3653 9045
600 3299 11001
600 3917 10666
600 3420 10442
650 3757 11756
650 4210 11762
650 4130 10650
650 4092 13201
650 3846 12603
650 4599 11868
650 3687 10399
650 3307 12310
650 3904 15162
650 3521 12665
650 3743 12367
650 3517 10981
650 3943 11607
650 3265 11341
650 4001 11304
650 4048 12179
650 3549 10378
650 3668 10891
650 4001 10585
650 4133 10162
650 3855 15994
650 4095 10737
650 4537 12653
650 4129 13384
650 3877 10325
650 4293 17629
650 4110 9793
650 3801 11264
650 4095 13599
650 4120 10442
650 3627 10995
650 3960 11513
650 3954 12847
650 4103 12096
650 3658 12256
650 4210 11913
650 3714 10977
650 4457 10028
650 3997 15398
650 3734 10446
650 3416 11850
650 3838 12386
650 3707 10425
650 3907 11867
650 4111 10475
650 4139 10625
650 3798 9918
650 3630 15497
650 4082 13189
650 3846 10795
650 3410 10319
650 4315 15671
650 3907 10730
650 3646 11577
650 4059 11900
650 4126 9744
650 4233 12098
650 4250 12927
650 3799 12268
650 3910 10464
650 3745 12232
650 3883 19602
650 3742 11602
650 3532 11867
650 4024 10844
650 3968 11286
650 4081 10446
650 4100 10953
650 4043 14787
650 3941 12068
650 3464 11660
650 3367 12347
650 3902 19278
650 3528 10958
650 3761 12579
650 3681 12453
650 3247 13811
650 3657 10707
650 4726 15640
650 3829 10385
650 4076 14729
650 3486 11395
650 3765 11472
650 3929 13888
650 3709 14251
650 3984 13973
650 4192 9778
650 3997 10966
650 3709 11372
650 3942 10554
650 4272 13891
650 3488 10843
650 4385 13499
650 4178 14754
650 3508 13192
650 3624 9778
650 4061 13307
650 3775 11024
650 3738 11386
650 3934 10368
700 4081 11627
700 4253 12808
700 3905 11712
700 4308 14702
700 4799 14263
700 3936 12787
700 4073 11178
700 3857 12713
700 4060 16105
700 4251 12856
700 4261 11856
700 4221 16539
700 4599 12783
700 4036 13822
700 4524 18860
700 3991 15551
700 4470 12056
700 4322 12001
700 3938 12062
700 4113 10789
700 3976 12179
700 4159 15754
700 4277 14667
700 3934 13036
700 4273 12676
700 4263 12073
700 4181 11900
700 4137 13600
700 4233 13664
700 4084 12579
700 4151 13663
700 4217 20267
700 4364 16839
700 4128 10543
700 4156 12826
700 3963 13776
700 4376 13958
700 4039 14026
700 4074 14148
700 4437 12910
700 4032 12338
700 4291 16302
700 4580 11519
700 4446 12977
700 4136 10584
700 4552 11867
700 4100 14088
700 4444 10212
700 3988 11760
700 4273 13377
700 4288 17357
700 3898 12338
700 3883 10792
700 4258 10030
700 4430 12683
700 4043 16797
700 3774 14515
700 4118 13889
700 4116 11721
700 4282 11519
700 4552 12253
700 4589 13291
700 4787 13571
700 4285 12268
700 3996 10891
700 4296 10985
700 4253 11838
700 4220 13695
700 3850 15115
700 4086 11765
700 4358 10813
700 4945 12728
700 4212 13890
700 3962 14992
700 4830 14073
700 4004 12921
700 4000 12941
700 4123 12029
700 4376 14425
700 4003 17918
700 4295 11462
700 4221 10819
700 4310 12766
700 3911 13628
700 4721 12271
700 4274 11107
700 4096 12660
700 4249 12287
700 4113 11617
700 4310 12884
700 4144 14601
700 4336 14280
700 4537 14310
700 4680 12983
700 4007 11034
700 4545 13656
700 4209 18691
700 4445 13905
700 3859 13023
700 4316 13498
750 4452 13518
750 4645 12925
750 4200 12751
750 4631 18536
750 4434 11785
750 4182 14341
750 4464 16500
750 4184 16137
750 4663 15764
750 4143 12832
750 4875 13203
750 4152 12296
750 4292 14423
750 4874 15399
750 4739 14017
750 4226 17694
750 4804 15857
750 4258 12007
750 4571 12015
750 4108 13661
750 4646 13864
750 4352 14701
750 4436 14187
750 4426 11561
750 4673 16638
750 3955 13831
750 4781 12236
750 4219 16621
750 4556 12612
750 4034 12625
750 4980 12821
750 3970 12570
750 4484 19636
750 4549 19421
750 4545 14749
750 4411 13753
750 4473 17872
750 5031 13262
750 4131 14922
750 4338 14131
750 4359 13284
750 4679 14312
750 4436 13376
750 5344 15149
750 4652 15567
750 4520 11757
750 4551 17433
750 4593 14324
750 4482 14630
750 4523 17718
750 4392 16745
750 4541 13087
750 4474 14739
750 4311 14075
750 4283 16085
750 5390 16072
750 4311 18374
750 4842 13940
750 4622 16751
750 4719 14227
750 4459 14073
750 4974 13516
750 4638 14035
750 4123 15757
750 5092 12845
750 4819 17929
750 4494 12549
750 4458 15357
750 4935 12911
750 4995 11597
750 4556 15215
750 4305 13944
750 4773 17375
750 4618 15568
750 4914 17163
750 4562 12835
750 4300 15421
750 4532 10923
750 4706 14140
750 4465 17699
750 4510 18394
750 4647 12394
750 4203 15202
750 4819 19645
750 4365 12311
750 4498 13516
750 4520 14727
750 4852 13393
750 5712 16919
750 4189 13650
750 4745 15260
750 4272 19361
750 4502 17229
750 4860 16187
750 5463 12065
750 5173 14236
750 4382 11775
750 4752 12650
750 4149 12672
750 5034 16141
800 4702 18644
800 4584 19568
800 4245 17472
800 5026 16812
800 4998 14775
800 4595 14728
800 4658 15239
800 5764 13040
800 5192 15544
800 4154 17397
800 4816 17188
800 4710 14830
800 4767 13083
800 5392 17817
800 5036 22665
800 4840 13238
800 5103 13449
800 4922 14557
800 5118 17114
800 4998 13777
800 4950 16229
800 4875 15101
800 4632 15722
800 4810 15662
800 4980 13501
800 4500 13844
800 4639 16137
800 6049 15701
800 5981 12994
800 4928 23820
800 4880 14771
800 5517 18668
800 5949 14286
800 5089 13996
800 5068 14662
800 5149 16845
800 5720 19005
800 5015 14347
800 4469 14871
800 5572 17665
800 5075 15991
800 4808 14328
800 4567 15627
800 4979 20100
800 5932 14995
800 4439 21849
800 4421 14988
800 4901 13384
800 4816 15520
800 5667 14126
800 5285 14207
800 4780 14776
800 4926 14998
800 4920 13176
800 4367 16494
800 4802 17734
800 5371 12858
800 4308 15080
800 4844 13983
800 4750 15663
800 4931 13711
800 4695 15673
800 4862 16170
800 5084 20341
800 6056 15508
800 4932 16509
800 4678 16373
800 5435 13860
800 4291 17459
800 5080 14459
800 4478 13752
800 4695 11974
800 4841 18460
800 4983 12561
800 4831 15229
800 4581 14986
800 4764 16331
800 4744 20140
800 5035 18106
800 6012 13449
800 4970 13729
800 4628 14811
800 5048 17185
800 4797 16254
800 4543 17006
800 4945 16247
800 4709 13696
800 5049 15416
800 4764 12802
800 4658 16059
800 4693 13392
800 4950 13174
800 4870 15515
800 4782 14352
800 4292 15308
800 5245 14444
800 5344 17469
800 5043 14691
800 5535 15300
800 4413 13427
850 5150 16971
850 5780 17168
850 5720 17935
850 4603 20309
850 4913 13819
850 5449 17525
850 5071 15238
850 4892 16058
850 5012 21844
850 4920 18148
850 4552 15713
850 5292 17783
850 4583 18531
850 5415 16661
850 5792 16773
850 5363 18639
850 5257 16470
850 5257 19313
850 4818 18571
850 5319 17091
850 5235 15973
850 5267 14895
850 4585 24471
850 4586 25091
850 5495 15204
850 5516 17513
850 5498 16773
850 5390 17026
850 5194 13155
850 5698 15847
850 5795 15714
850 6464 18579
850 4626 17717
850 4545 16693
850 5490 16662
850 5317 16937
850 5791 16949
850 4957 14856
850 5604 16945
850 5228 15165
850 4924 16748
850 5202 15038
850 5110 15241
850 5531 14210
850 5966 18484
850 5487 16772
850 4881 30811
850 5449 16979
850 5573 19233
850 5034 13670
850 5233 14743
850 4802 15511
850 5043 18454
850 5384 17043
850 4927 13296
850 5663 15992
850 5375 14860
850 5079 17337
850 4629 16421
850 5726 16606
850 5251 17054
850 5146 21706
850 4981 15887
850 5197 16634
850 5001 14667
850 4431 22172
850 4853 18169
850 4837 17237
850 5202 18951
850 5641 16315
850 5274 20468
850 5021 15578
850 5397 14204
850 5659 16717
850 5313 16426
850 5237 13339
850 5229 15446
850 6011 16137
850 4733 16674
850 5278 15014
850 5573 17747
850 5890 13938
850 5221 32224
850 5096 16028
850 5515 14105
850 4927 16095
850 5509 18291
850 5681 15746
850 4879 15112
850 5457 15833
850 5452 15748
850 5193 26746
850 5465 14955
850 4760 18258
850 5355 22879
850 5142 18093
850 5261 14625
850 4780 15884
850 4939 16003
850 4565 16022
900 5596 22292
900 6060 16375
900 4905 15376
900 5725 15934
900 6148 16793
900 5657 17693
900 5093 21995
900 5527 17399
900 5514 20186
900 5326 17787
900 5415 18158
900 5626 21030
900 5328 19367
900 5100 18786
900 5347 16200
900 5530 15887
900 5866 14669
900 5528 15217
900 5745 19043
900 6170 24971
900 5325 15310
900 5990 19260
900 6146 20802
900 5495 17627
900 5511 17317
900 6523 19812
900 5319 20070
900 5858 19577
900 5939 17954
900 5858 14078
900 5172 17431
900 6092 19446
900 5760 14808
900 5258 18016
900 5714 15748
900 5924 14085
900 5148 19123
900 5698 16711
900 5131 15724
900 5469 16278
900 5413 17939
900 5821 17056
900 6074 16751
900 5511 18475
900 5853 18674
900 5702 19161
900 5323 17080
900 5343 15789
900 6576 25584
900 5332 15907
900 5352 16037
900 6484 17088
900 5993 16960
900 5840 14105
900 5614 23345
900 5440 14512
900 5486 15789
900 5394 16117
900 5515 17363
900 5639 16189
900 5367 15691
900 6706 24994
900 5961 16097
900 5410 19667
900 5876 14385
900 5717 21451
900 5615 16228
900 5622 22111
900 5087 20185
900 5773 15508
900 5420 25645
900 5867 18108
900 5655 22230
900 5376 15904
900 5079 20142
900 5823 17194
900 5244 18750
900 5662 20397
900 5504 20545
900 5142 18704
900 5364 16753
900 5579 14709
900 5405 19573
900 5227 20985
900 5454 18937
900 5522 16384
900 5765 22080
900 5504 14132
900 6237 22044
900 5959 13692
900 5048 19707
900 6020 15143
900 5655 16233
900 5953 19964
900 5445 19377
900 4826 17595
900 5562 16541
900 5877 16489
900 5730 18909
900 5474 18815
950 5815 16801
950 6166 15448
950 5867 18158
950 5631 17586
950 5711 22418
950 5700 22231
950 5639 15590
950 5927 15840
950 6060 16068
950 5950 17305
950 5875 24394
950 5754 27533
950 5583 17419
950 5966 17547
950 6217 19587
950 5853 27215
950 6154 21063
950 6093 27755
950 5901 16405
950 5414 24242
950 5437 21309
950 5676 20603
950 6733 22040
950 5978 19131
950 6261 18779
950 5806 20870
950 5421 18119
950 6135 18263
950 5915 19909
950 6599 16001
950 6039 16282
950 5960 27406
950 5474 20500
950 6109 21734
950 5717 22191
950 5355 18929
950 6042 16987
950 6093 16897
950 5698 18512
950 6915 18829
950 5964 16624
950 6253 18624
950 5704 16127
950 6368 20039
950 5867 16302
950 5928 21593
950 5764 16140
950 5966 19728
950 6517 16232
950 6627 19329
950 6421 19772
950 5807 17331
950 6104 15517
950 6412 24482
950 6002 18144
950 5311 17943
950 5998 16560
950 5968 22019
950 6042 28726
950 5366 16970
950 5817 17706
950 5849 15610
950 6397 18686
950 5581 18640
950 6328 20401
950 5048 20542
950 5556 20330
950 5508 19773
950 5995 25080
950 6188 19129
950 6748 17341
950 6958 21190
950 6710 21204
950 6605 22216
950 5863 17211
950 6314 20951
950 6542 18053
950 5285 18134
950 5077 26026
950 5839 15749
950 6377 16415
950 5478 19109
950 5769 17273
950 5806 23589
950 6565 20929
950 5626 20999
950 5776 19179
950 6155 15336
950 6027 15594
950 5962 16766
950 5961 16344
950 5456 19103
950 5759 17631
950 6145 18569
950 5120 23339
950 5529 20407
950 5870 18605
950 6147 18746
950 5842 19425
950 5784 17501
1000 5855 20811
1000 7047 21120
1000 6819 25459
1000 7285 16423
1000 5570 20030
1000 6358 23617
1000 6634 17842
1000 6408 19004
1000 5956 19280
1000 6324 18171
1000 6372 19746
1000 6167 19896
1000 6827 21083
1000 5957 23374
1000 7202 18870
1000 6762 17723
1000 5896 17056
1000 6247 22738
1000 6955 18560
1000 6087 20376
1000 6573 22601
1000 6594 21821
1000 6835 24234
1000 5923 19600
1000 5426 17444
1000 7037 18739
1000 6688 20620
1000 6948 20067
1000 5723 17439
1000 6295 27242
1000 5646 21613
1000 6591 20640
1000 5756 23146
1000 5727 16406
1000 6065 16225
1000 6439 18772
1000 6131 20724
1000 6070 20498
1000 6248 20271
1000 6183 23274
1000 6359 23878
1000 6264 23536
1000 7145 20366
1000 6605 17920
1000 6177 18166
1000 6342 22655
1000 6649 21184
1000 6510 20014
1000 6012 19189
1000 6419 18067
1000 6405 15897
1000 6122 20320
1000 6005 19422
1000 6112 17187
1000 6765 16819
1000 6884 19529
1000 6400 20849
1000 6169 18397
1000 6213 22638
1000 5792 18869
1000 5760 23228
1000 6285 21117
1000 6095 22270
1000 6445 22044
1000 5718 18963
1000 6836 19003
1000 6190 20100
1000 6015 18758
1000 6193 19212
1000 6411 18662
1000 6532 19163
1000 5836 20664
1000 5625 20671
1000 6817 33919
1000 6738 20401
1000 6177 22287
1000 5486 23024
1000 6498 17314
1000 6657 19308
1000 6127 17490
1000 7181 17800
1000 5747 19772
1000 5649 25904
1000 6707 19042
1000 6463 16076
1000 5685 19063
1000 6673 18132
1000 5790 16564
1000 6681 22485
1000 6574 18810
1000 7889 29568
1000 5830 17593
1000 6724 21549
1000 6796 21364
1000 6894 16872
1000 6257 19024
1000 6775 17845
1000 5973 19973
1000 5967 20317
1000 6133 17749
