n przestawienia_merge porównania_merge
50 174 220
50 162 231
50 170 222
50 174 215
50 172 215
50 168 216
50 162 225
50 166 229
50 165 228
50 172 217
50 173 221
50 164 228
50 170 224
50 172 220
50 172 219
50 165 227
50 176 223
50 166 224
50 163 218
50 181 220
50 165 224
50 171 221
50 174 222
50 169 224
50 172 218
50 170 217
50 173 221
50 175 219
50 171 215
50 169 223
50 172 220
50 178 214
50 166 226
50 163 227
50 171 224
50 164 223
50 170 218
50 165 222
50 178 218
50 177 224
50 172 223
50 160 226
50 174 222
50 172 220
50 160 225
50 171 222
50 167 219
50 160 226
50 166 228
50 174 225
50 170 226
50 162 221
50 172 220
50 168 225
50 176 224
50 170 218
50 182 223
50 172 222
50 172 217
50 170 220
50 177 220
50 170 224
50 170 223
50 174 215
50 165 221
50 175 216
50 177 219
50 172 220
50 171 219
50 165 225
50 161 230
50 173 224
50 180 213
50 172 219
50 170 219
50 167 226
50 161 218
50 170 226
50 177 222
50 164 224
50 174 221
50 171 223
50 166 223
50 160 220
50 173 219
50 172 220
50 176 218
50 164 225
50 165 231
50 172 227
50 175 220
50 162 227
50 167 221
50 163 229
50 183 216
50 176 220
50 169 226
50 170 221
50 170 226
50 170 222
100 384 545
100 403 530
100 388 547
100 391 542
100 396 554
100 407 535
100 399 537
100 393 540
100 390 544
100 388 548
100 392 542
100 396 545
100 401 535
100 388 540
100 393 543
100 386 545
100 390 547
100 381 550
100 383 535
100 395 546
100 396 549
100 383 540
100 386 543
100 394 534
100 390 537
100 391 547
100 410 527
100 396 544
100 396 542
100 408 539
100 383 551
100 400 537
100 411 540
100 392 537
100 389 541
100 382 554
100 404 537
100 399 542
100 393 547
100 398 535
100 398 543
100 381 544
100 394 544
100 391 541
100 387 543
100 397 524
100 395 536
100 378 541
100 377 546
100 394 546
100 377 548
100 385 545
100 382 549
100 393 532
100 393 543
100 380 546
100 399 537
100 387 546
100 408 527
100 400 532
100 398 542
100 388 541
100 389 535
100 390 549
100 391 546
100 388 542
100 380 548
100 388 544
100 397 537
100 400 539
100 382 534
100 391 548
100 397 545
100 398 537
100 393 541
100 394 543
100 378 546
100 393 550
100 387 541
100 393 543
100 407 533
100 394 541
100 390 544
100 386 543
100 388 541
100 386 542
100 409 535
100 400 548
100 397 547
100 409 546
100 381 549
100 389 545
100 398 544
100 398 539
100 391 539
100 382 547
100 398 537
100 385 539
100 386 539
100 387 535
150 640 903
150 624 903
150 617 903
150 626 904
150 638 894
150 626 902
150 634 897
150 609 905
150 619 899
150 639 892
150 634 888
150 629 903
150 611 908
150 630 898
150 630 904
150 636 883
150 609 902
150 623 910
150 640 890
150 637 898
150 646 886
150 646 901
150 638 887
150 611 901
150 623 886
150 606 904
150 630 888
150 631 895
150 627 893
150 635 891
150 640 900
150 626 899
150 615 898
150 627 910
150 630 884
150 610 904
150 636 887
150 623 895
150 627 901
150 624 901
150 606 912
150 632 896
150 621 903
150 627 898
150 615 896
150 632 900
150 631 903
150 637 901
150 641 885
150 628 903
150 633 893
150 625 903
150 636 906
150 640 902
150 639 894
150 627 897
150 630 899
150 638 904
150 614 910
150 622 905
150 630 897
150 637 885
150 642 897
150 635 904
150 636 899
150 598 905
150 616 915
150 630 895
150 612 904
150 636 901
150 640 892
150 629 902
150 620 909
150 636 888
150 630 900
150 630 898
150 628 898
150 624 904
150 618 899
150 625 899
150 639 908
150 637 888
150 617 903
150 614 908
150 629 892
150 635 899
150 633 893
150 654 886
150 631 905
150 627 894
150 648 892
150 625 891
150 635 891
150 627 900
150 620 907
150 612 902
150 638 891
150 640 903
150 624 901
150 630 891
200 897 1284
200 886 1276
200 886 1291
200 880 1288
200 876 1281
200 878 1285
200 875 1275
200 881 1283
200 877 1286
200 869 1287
200 886 1271
200 896 1272
200 878 1292
200 896 1291
200 870 1281
200 900 1277
200 886 1278
200 894 1280
200 880 1289
200 871 1277
200 894 1271
200 893 1288
200 902 1269
200 879 1277
200 890 1289
200 874 1298
200 894 1272
200 883 1281
200 902 1278
200 881 1279
200 882 1280
200 887 1278
200 866 1299
200 894 1278
200 877 1273
200 870 1287
200 881 1279
200 887 1267
200 875 1289
200 885 1277
200 886 1288
200 908 1277
200 892 1280
200 886 1285
200 879 1277
200 874 1288
200 874 1282
200 906 1271
200 879 1288
200 883 1273
200 911 1280
200 886 1298
200 884 1275
200 888 1288
200 888 1277
200 893 1284
200 880 1280
200 867 1272
200 894 1274
200 878 1258
200 900 1274
200 879 1287
200 879 1281
200 902 1276
200 891 1267
200 891 1278
200 876 1280
200 897 1281
200 864 1298
200 889 1269
200 884 1282
200 875 1282
200 881 1284
200 875 1271
200 900 1274
200 888 1281
200 884 1278
200 889 1279
200 879 1278
200 890 1282
200 876 1289
200 866 1281
200 879 1276
200 873 1284
200 885 1283
200 868 1288
200 884 1276
200 902 1279
200 877 1286
200 872 1291
200 880 1273
200 881 1287
200 886 1266
200 874 1280
200 872 1284
200 899 1263
200 871 1283
200 899 1279
200 891 1271
200 883 1293
250 1133 1676
250 1170 1666
250 1147 1688
250 1144 1683
250 1141 1684
250 1134 1679
250 1134 1680
250 1134 1685
250 1115 1681
250 1150 1668
250 1153 1692
250 1141 1675
250 1138 1677
250 1179 1669
250 1136 1675
250 1149 1688
250 1153 1666
250 1138 1670
250 1136 1679
250 1154 1679
250 1130 1684
250 1141 1672
250 1142 1665
250 1143 1686
250 1143 1683
250 1145 1678
250 1166 1667
250 1140 1684
250 1160 1678
250 1150 1668
250 1148 1677
250 1151 1678
250 1131 1683
250 1167 1664
250 1137 1684
250 1141 1678
250 1161 1674
250 1158 1677
250 1148 1689
250 1129 1689
250 1137 1689
250 1140 1688
250 1146 1680
250 1156 1679
250 1146 1689
250 1147 1672
250 1143 1680
250 1143 1681
250 1154 1674
250 1168 1676
250 1136 1694
250 1134 1647
250 1143 1689
250 1154 1672
250 1146 1669
250 1135 1691
250 1144 1682
250 1153 1672
250 1157 1673
250 1151 1677
250 1157 1681
250 1147 1671
250 1130 1679
250 1155 1685
250 1128 1697
250 1124 1690
250 1142 1683
250 1157 1669
250 1145 1671
250 1138 1674
250 1145 1677
250 1153 1687
250 1167 1660
250 1163 1666
250 1158 1665
250 1139 1679
250 1150 1673
250 1146 1690
250 1131 1678
250 1148 1670
250 1161 1683
250 1137 1684
250 1127 1685
250 1163 1670
250 1154 1669
250 1117 1675
250 1137 1679
250 1157 1674
250 1123 1693
250 1152 1673
250 1143 1678
250 1124 1684
250 1166 1663
250 1142 1673
250 1158 1689
250 1129 1687
250 1162 1690
250 1134 1666
250 1166 1675
250 1141 1694
300 1410 2094
300 1413 2109
300 1389 2096
300 1416 2107
300 1437 2082
300 1406 2093
300 1381 2100
300 1410 2074
300 1382 2115
300 1414 2104
300 1395 2094
300 1412 2094
300 1405 2110
300 1406 2101
300 1402 2098
300 1411 2093
300 1375 2110
300 1393 2101
300 1403 2109
300 1398 2110
300 1404 2109
300 1420 2090
300 1426 2083
300 1416 2097
300 1403 2100
300 1392 2095
300 1406 2099
300 1424 2087
300 1436 2105
300 1412 2104
300 1409 2105
300 1389 2103
300 1403 2092
300 1407 2095
300 1391 2099
300 1405 2089
300 1389 2131
300 1407 2091
300 1409 2087
300 1409 2117
300 1387 2101
300 1395 2097
300 1409 2094
300 1426 2089
300 1409 2099
300 1416 2106
300 1421 2090
300 1406 2100
300 1403 2103
300 1434 2085
300 1378 2106
300 1412 2094
300 1449 2073
300 1402 2099
300 1414 2103
300 1417 2092
300 1383 2111
300 1409 2102
300 1410 2094
300 1397 2097
300 1403 2081
300 1388 2100
300 1404 2100
300 1411 2105
300 1393 2094
300 1403 2098
300 1383 2121
300 1400 2096
300 1411 2094
300 1395 2118
300 1408 2098
300 1386 2115
300 1406 2107
300 1380 2118
300 1398 2116
300 1385 2103
300 1390 2110
300 1416 2105
300 1413 2087
300 1389 2115
300 1409 2106
300 1416 2096
300 1413 2083
300 1409 2102
300 1414 2099
300 1397 2100
300 1374 2107
300 1426 2103
300 1387 2091
300 1401 2099
300 1399 2108
300 1400 2092
300 1423 2087
300 1372 2097
300 1423 2082
300 1401 2107
300 1411 2101
300 1406 2079
300 1399 2108
300 1423 2097
350 1679 2539
350 1681 2523
350 1715 2522
350 1673 2537
350 1668 2535
350 1681 2519
350 1689 2535
350 1694 2529
350 1658 2540
350 1679 2527
350 1696 2516
350 1687 2520
350 1661 2548
350 1652 2550
350 1672 2538
350 1697 2531
350 1688 2518
350 1667 2510
350 1676 2527
350 1695 2523
350 1676 2515
350 1689 2527
350 1695 2503
350 1706 2494
350 1665 2533
350 1676 2523
350 1683 2527
350 1689 2531
350 1656 2533
350 1703 2525
350 1674 2514
350 1676 2537
350 1661 2547
350 1668 2540
350 1708 2513
350 1678 2527
350 1681 2538
350 1674 2528
350 1672 2523
350 1691 2515
350 1680 2520
350 1703 2504
350 1679 2522
350 1678 2530
350 1697 2526
350 1678 2512
350 1677 2524
350 1687 2510
350 1717 2498
350 1686 2515
350 1674 2527
350 1675 2535
350 1700 2531
350 1683 2514
350 1683 2540
350 1710 2518
350 1694 2507
350 1664 2531
350 1707 2506
350 1704 2518
350 1659 2536
350 1670 2549
350 1662 2535
350 1701 2516
350 1682 2527
350 1684 2536
350 1666 2546
350 1711 2514
350 1671 2530
350 1655 2539
350 1694 2521
350 1681 2531
350 1704 2503
350 1680 2526
350 1691 2509
350 1691 2535
350 1671 2525
350 1670 2548
350 1677 2514
350 1668 2536
350 1689 2523
350 1679 2534
350 1681 2519
350 1704 2528
350 1680 2524
350 1662 2511
350 1650 2548
350 1676 2528
350 1674 2540
350 1689 2534
350 1685 2524
350 1695 2514
350 1642 2539
350 1701 2534
350 1687 2545
350 1711 2516
350 1673 2523
350 1700 2535
350 1694 2511
350 1668 2517
400 1984 2969
400 1980 2974
400 1998 2946
400 1969 2969
400 1952 2952
400 1972 2965
400 1970 2975
400 1986 2961
400 2000 2941
400 1969 2973
400 1952 2972
400 1966 2965
400 1987 2957
400 1980 2940
400 1967 2965
400 1975 2966
400 1972 2942
400 1957 2972
400 1989 2956
400 1977 2947
400 1983 2953
400 1950 2982
400 1980 2945
400 1969 2952
400 1937 2984
400 1964 2963
400 1969 2949
400 1995 2976
400 1958 2956
400 1993 2969
400 1952 2972
400 1970 2966
400 1990 2963
400 1980 2964
400 1974 2972
400 1976 2953
400 1956 2957
400 1993 2959
400 1971 2961
400 1989 2960
400 1964 2970
400 1952 2967
400 1953 2965
400 2004 2935
400 1998 2949
400 1995 2930
400 1969 2969
400 1940 2960
400 1973 2954
400 2006 2938
400 1969 2968
400 1949 2969
400 1972 2979
400 1973 2967
400 1974 2976
400 1922 2961
400 1964 2945
400 1965 2971
400 1980 2968
400 1990 2957
400 1971 2967
400 1988 2956
400 1965 2960
400 1955 2973
400 1963 2944
400 1986 2950
400 1998 2950
400 1963 2968
400 1955 2954
400 1975 2950
400 1958 2970
400 1981 2974
400 1956 2967
400 1986 2963
400 1989 2975
400 1983 2958
400 1962 2955
400 1955 2954
400 1966 2964
400 1974 2943
400 1945 2971
400 1970 2964
400 1995 2966
400 1978 2954
400 1968 2952
400 1973 2951
400 1981 2947
400 1967 2951
400 1976 2964
400 1979 2963
400 1949 2967
400 1974 2968
400 1980 2945
400 1951 2962
400 1991 2950
400 1974 2954
400 1993 2922
400 1965 2949
400 1989 2957
400 1988 2971
450 2288 3402
450 2227 3370
450 2273 3391
450 2247 3419
450 2299 3389
450 2245 3412
450 2247 3406
450 2248 3401
450 2265 3383
450 2256 3417
450 2250 3387
450 2253 3394
450 2272 3401
450 2257 3402
450 2259 3404
450 2263 3401
450 2241 3431
450 2238 3403
450 2233 3425
450 2252 3386
450 2241 3408
450 2249 3408
450 2239 3408
450 2252 3405
450 2302 3401
450 2239 3421
450 2247 3397
450 2246 3421
450 2262 3400
450 2261 3381
450 2272 3418
450 2263 3389
450 2260 3409
450 2211 3415
450 2259 3422
450 2271 3390
450 2258 3397
450 2268 3406
450 2254 3391
450 2263 3381
450 2241 3406
450 2274 3392
450 2258 3393
450 2249 3399
450 2263 3416
450 2223 3405
450 2272 3403
450 2235 3423
450 2272 3401
450 2245 3406
450 2256 3380
450 2233 3413
450 2259 3391
450 2241 3417
450 2246 3411
450 2267 3399
450 2255 3409
450 2236 3408
450 2243 3398
450 2236 3405
450 2248 3391
450 2233 3397
450 2257 3392
450 2215 3419
450 2263 3391
450 2243 3414
450 2251 3409
450 2274 3401
450 2276 3405
450 2218 3412
450 2264 3393
450 2244 3409
450 2263 3402
450 2260 3394
450 2261 3417
450 2226 3405
450 2218 3422
450 2273 3389
450 2258 3397
450 2252 3421
450 2210 3409
450 2245 3413
450 2256 3401
450 2247 3408
450 2224 3417
450 2283 3392
450 2236 3409
450 2254 3407
450 2239 3425
450 2243 3417
450 2254 3403
450 2255 3394
450 2260 3415
450 2255 3398
450 2212 3420
450 2239 3400
450 2227 3422
450 2255 3404
450 2269 3403
450 2234 3417
500 2556 3852
500 2526 3854
500 2541 3848
500 2533 3876
500 2541 3834
500 2584 3847
500 2544 3871
500 2543 3857
500 2518 3854
500 2565 3840
500 2518 3879
500 2549 3860
500 2591 3841
500 2535 3856
500 2538 3844
500 2515 3862
500 2545 3844
500 2560 3837
500 2500 3854
500 2517 3878
500 2540 3842
500 2535 3866
500 2538 3849
500 2567 3849
500 2540 3870
500 2509 3902
500 2540 3846
500 2529 3867
500 2558 3864
500 2543 3859
500 2572 3847
500 2555 3859
500 2558 3850
500 2535 3871
500 2515 3862
500 2535 3844
500 2542 3853
500 2540 3868
500 2565 3847
500 2532 3835
500 2529 3840
500 2541 3862
500 2554 3856
500 2505 3874
500 2565 3828
500 2540 3845
500 2515 3854
500 2535 3857
500 2535 3876
500 2550 3862
500 2523 3850
500 2542 3860
500 2529 3860
500 2531 3856
500 2537 3843
500 2548 3860
500 2524 3852
500 2501 3876
500 2557 3841
500 2552 3840
500 2498 3846
500 2571 3850
500 2505 3846
500 2531 3857
500 2532 3856
500 2572 3848
500 2548 3853
500 2537 3851
500 2533 3865
500 2526 3852
500 2534 3851
500 2549 3847
500 2537 3867
500 2537 3854
500 2516 3864
500 2539 3862
500 2539 3849
500 2538 3861
500 2554 3833
500 2555 3835
500 2556 3841
500 2543 3856
500 2555 3835
500 2545 3858
500 2547 3849
500 2523 3838
500 2544 3862
500 2544 3863
500 2539 3865
500 2557 3866
500 2561 3846
500 2536 3841
500 2546 3871
500 2541 3837
500 2516 3865
500 2504 3854
500 2551 3847
500 2534 3870
500 2534 3841
500 2556 3859
550 2839 4328
550 2814 4320
550 2807 4325
550 2853 4326
550 2827 4326
550 2848 4307
550 2810 4320
550 2829 4328
550 2815 4327
550 2834 4319
550 2821 4305
550 2829 4322
550 2810 4320
550 2846 4294
550 2817 4323
550 2830 4302
550 2838 4312
550 2808 4323
550 2793 4332
550 2813 4327
550 2831 4312
550 2826 4315
550 2830 4311
550 2829 4318
550 2827 4288
550 2845 4335
550 2796 4346
550 2814 4312
550 2834 4318
550 2819 4320
550 2797 4321
550 2827 4317
550 2818 4311
550 2799 4319
550 2807 4333
550 2809 4301
550 2805 4322
550 2821 4314
550 2820 4308
550 2817 4312
550 2821 4333
550 2812 4320
550 2797 4326
550 2799 4360
550 2805 4328
550 2780 4333
550 2787 4323
550 2816 4324
550 2839 4317
550 2802 4318
550 2860 4320
550 2829 4319
550 2825 4327
550 2781 4339
550 2811 4325
550 2822 4317
550 2810 4318
550 2785 4336
550 2788 4320
550 2788 4304
550 2815 4335
550 2827 4319
550 2827 4320
550 2844 4306
550 2818 4321
550 2820 4316
550 2821 4327
550 2817 4317
550 2849 4316
550 2808 4331
550 2843 4319
550 2841 4307
550 2843 4307
550 2826 4322
550 2838 4329
550 2821 4341
550 2865 4307
550 2824 4337
550 2809 4319
550 2792 4299
550 2800 4315
550 2842 4301
550 2813 4326
550 2832 4315
550 2812 4325
550 2837 4308
550 2792 4323
550 2804 4332
550 2834 4325
550 2792 4328
550 2804 4313
550 2818 4320
550 2804 4340
550 2821 4300
550 2815 4307
550 2818 4314
550 2820 4312
550 2795 4331
550 2832 4332
550 2794 4344
600 3126 4801
600 3115 4785
600 3093 4793
600 3121 4771
600 3126 4780
600 3128 4785
600 3124 4790
600 3137 4785
600 3101 4788
600 3142 4773
600 3101 4796
600 3091 4785
600 3120 4780
600 3116 4788
600 3119 4804
600 3127 4795
600 3103 4816
600 3090 4786
600 3129 4779
600 3109 4775
600 3091 4802
600 3133 4788
600 3120 4771
600 3126 4791
600 3118 4800
600 3110 4806
600 3111 4784
600 3117 4794
600 3125 4801
600 3122 4775
600 3087 4813
600 3094 4804
600 3096 4814
600 3103 4796
600 3067 4821
600 3123 4799
600 3121 4759
600 3095 4773
600 3150 4770
600 3129 4769
600 3082 4810
600 3108 4784
600 3102 4805
600 3102 4803
600 3092 4795
600 3122 4766
600 3139 4776
600 3110 4805
600 3093 4791
600 3127 4778
600 3082 4786
600 3130 4762
600 3126 4779
600 3135 4797
600 3098 4785
600 3130 4774
600 3125 4790
600 3093 4819
600 3097 4773
600 3116 4786
600 3106 4806
600 3124 4803
600 3122 4794
600 3057 4790
600 3114 4803
600 3133 4806
600 3126 4784
600 3116 4792
600 3112 4789
600 3123 4804
600 3128 4774
600 3094 4812
600 3091 4792
600 3104 4782
600 3079 4814
600 3176 4770
600 3082 4787
600 3101 4799
600 3128 4768
600 3135 4772
600 3124 4786
600 3103 4793
600 3140 4786
600 3112 4795
600 3111 4800
600 3102 4799
600 3103 4803
600 3105 4792
600 3101 4817
600 3125 4798
600 3053 4804
600 3122 4770
600 3101 4794
600 3100 4784
600 3105 4794
600 3109 4787
600 3115 4804
600 3123 4781
600 3112 4794
600 3120 4807
650 3426 5275
650 3403 5274
650 3413 5274
650 3421 5272
650 3430 5296
650 3432 5274
650 3422 5262
650 3433 5251
650 3438 5249
650 3426 5270
650 3443 5254
650 3469 5255
650 3402 5273
650 3434 5280
650 3425 5270
650 3397 5293
650 3422 5265
650 3463 5253
650 3407 5276
650 3396 5280
650 3418 5289
650 3453 5256
650 3387 5288
650 3394 5276
650 3460 5233
650 3431 5251
650 3418 5257
650 3426 5274
650 3434 5272
650 3362 5305
650 3426 5261
650 3395 5286
650 3451 5253
650 3451 5278
650 3433 5251
650 3423 5283
650 3398 5288
650 3404 5275
650 3429 5246
650 3431 5271
650 3397 5282
650 3446 5266
650 3410 5290
650 3420 5270
650 3454 5272
650 3415 5259
650 3408 5290
650 3406 5278
650 3462 5253
650 3395 5292
650 3468 5242
650 3440 5273
650 3469 5229
650 3429 5258
650 3412 5271
650 3425 5266
650 3440 5251
650 3433 5253
650 3421 5254
650 3410 5266
650 3440 5274
650 3447 5260
650 3449 5228
650 3412 5284
650 3397 5286
650 3423 5254
650 3425 5286
650 3400 5292
650 3432 5255
650 3426 5267
650 3430 5261
650 3411 5281
650 3415 5271
650 3435 5272
650 3418 5277
650 3445 5260
650 3396 5294
650 3411 5282
650 3444 5237
650 3441 5252
650 3440 5284
650 3420 5268
650 3411 5260
650 3457 5239
650 3386 5294
650 3424 5281
650 3405 5257
650 3441 5235
650 3432 5249
650 3406 5279
650 3440 5262
650 3476 5275
650 3440 5247
650 3429 5265
650 3434 5255
650 3430 5263
650 3454 5272
650 3415 5264
650 3436 5269
650 3426 5265
700 3698 5759
700 3713 5767
700 3750 5726
700 3728 5763
700 3723 5753
700 3692 5724
700 3713 5724
700 3720 5768
700 3741 5733
700 3753 5752
700 3689 5744
700 3714 5794
700 3727 5742
700 3692 5753
700 3746 5738
700 3707 5754
700 3737 5754
700 3716 5760
700 3726 5763
700 3725 5745
700 3699 5775
700 3745 5728
700 3696 5773
700 3697 5763
700 3709 5761
700 3754 5721
700 3676 5785
700 3739 5736
700 3743 5741
700 3729 5744
700 3673 5793
700 3709 5738
700 3719 5745
700 3746 5744
700 3684 5763
700 3733 5756
700 3714 5763
700 3731 5742
700 3734 5729
700 3722 5755
700 3745 5721
700 3733 5755
700 3722 5753
700 3732 5748
700 3732 5739
700 3710 5754
700 3721 5757
700 3728 5774
700 3718 5781
700 3720 5737
700 3698 5781
700 3737 5742
700 3745 5742
700 3696 5764
700 3743 5746
700 3712 5777
700 3723 5771
700 3696 5756
700 3691 5753
700 3729 5749
700 3710 5751
700 3702 5768
700 3690 5756
700 3696 5768
700 3747 5737
700 3735 5760
700 3725 5741
700 3699 5761
700 3718 5742
700 3706 5772
700 3744 5736
700 3748 5741
700 3707 5758
700 3772 5728
700 3707 5745
700 3773 5748
700 3724 5730
700 3734 5760
700 3717 5762
700 3753 5746
700 3716 5731
700 3675 5770
700 3730 5749
700 3703 5753
700 3733 5759
700 3743 5710
700 3720 5725
700 3716 5770
700 3714 5770
700 3738 5733
700 3770 5731
700 3727 5760
700 3734 5724
700 3705 5752
700 3686 5756
700 3717 5764
700 3685 5741
700 3733 5768
700 3721 5776
700 3768 5725
750 4034 6239
750 4025 6242
750 4023 6247
750 4048 6227
750 4052 6233
750 4041 6242
750 4038 6204
750 3997 6255
750 4047 6243
750 4041 6233
750 4055 6231
750 4065 6219
750 4038 6236
750 4013 6259
750 4022 6210
750 4036 6240
750 4026 6227
750 4044 6239
750 3990 6251
750 4069 6211
750 4057 6216
750 4046 6204
750 4026 6231
750 4076 6233
750 4032 6235
750 4041 6223
750 4061 6225
750 4084 6232
750 4032 6256
750 4046 6252
750 4047 6239
750 4053 6219
750 4089 6192
750 4045 6254
750 4046 6220
750 4079 6223
750 4015 6222
750 4046 6228
750 4003 6259
750 4056 6223
750 4040 6251
750 4017 6230
750 4006 6251
750 4015 6246
750 4070 6220
750 4058 6250
750 4031 6238
750 4058 6219
750 4032 6217
750 4045 6225
750 4038 6256
750 4046 6233
750 4045 6211
750 3999 6241
750 4036 6237
750 4047 6232
750 4030 6244
750 4064 6216
750 4049 6233
750 4044 6241
750 4014 6253
750 4069 6211
750 4045 6223
750 4019 6229
750 4038 6263
750 4057 6222
750 4050 6234
750 4057 6232
750 4052 6226
750 4073 6233
750 4051 6202
750 4093 6193
750 4031 6229
750 4014 6226
750 4029 6276
750 4026 6244
750 4033 6227
750 4057 6249
750 4020 6242
750 4003 6249
750 4049 6219
750 4001 6267
750 4064 6231
750 4038 6234
750 4011 6271
750 4034 6231
750 4027 6235
750 4016 6264
750 4089 6220
750 4034 6269
750 4073 6219
750 4064 6215
750 4070 6213
750 4055 6235
750 4031 6249
750 4000 6253
750 4086 6222
750 4039 6260
750 3989 6231
750 4023 6268
800 4325 6731
800 4357 6713
800 4374 6701
800 4320 6727
800 4358 6731
800 4355 6724
800 4362 6718
800 4361 6742
800 4392 6696
800 4332 6732
800 4337 6738
800 4310 6737
800 4310 6739
800 4356 6704
800 4319 6721
800 4289 6728
800 4374 6710
800 4320 6734
800 4331 6746
800 4374 6715
800 4331 6728
800 4346 6713
800 4397 6712
800 4367 6727
800 4359 6708
800 4335 6679
800 4343 6718
800 4337 6738
800 4321 6745
800 4345 6728
800 4333 6721
800 4294 6731
800 4355 6729
800 4316 6715
800 4377 6706
800 4332 6721
800 4328 6740
800 4359 6718
800 4309 6747
800 4350 6734
800 4372 6733
800 4345 6736
800 4332 6695
800 4358 6709
800 4304 6746
800 4342 6709
800 4327 6734
800 4339 6712
800 4379 6699
800 4373 6694
800 4329 6735
800 4339 6730
800 4363 6699
800 4327 6733
800 4328 6733
800 4359 6714
800 4376 6706
800 4310 6740
800 4337 6738
800 4337 6733
800 4333 6739
800 4316 6736
800 4338 6710
800 4309 6718
800 4360 6696
800 4384 6696
800 4336 6738
800 4351 6747
800 4337 6723
800 4374 6716
800 4349 6713
800 4316 6746
800 4347 6733
800 4365 6707
800 4324 6734
800 4342 6712
800 4361 6710
800 4340 6727
800 4330 6718
800 4376 6717
800 4337 6706
800 4305 6727
800 4344 6725
800 4351 6736
800 4310 6747
800 4329 6745
800 4340 6731
800 4319 6725
800 4308 6741
800 4363 6718
800 4319 6729
800 4311 6736
800 4334 6726
800 4345 6714
800 4327 6703
800 4319 6726
800 4358 6695
800 4318 6721
800 4320 6737
800 4321 6726
850 4646 7206
850 4603 7225
850 4618 7230
850 4637 7198
850 4584 7219
850 4607 7225
850 4657 7211
850 4643 7225
850 4631 7184
850 4598 7230
850 4621 7207
850 4671 7188
850 4637 7211
850 4646 7192
850 4595 7224
850 4613 7217
850 4681 7190
850 4647 7212
850 4601 7251
850 4642 7221
850 4651 7208
850 4623 7202
850 4638 7212
850 4634 7212
850 4626 7204
850 4653 7200
850 4636 7217
850 4649 7181
850 4630 7221
850 4669 7199
850 4661 7215
850 4625 7212
850 4604 7225
850 4632 7188
850 4596 7197
850 4618 7225
850 4627 7211
850 4641 7211
850 4609 7238
850 4592 7218
850 4647 7207
850 4634 7227
850 4663 7207
850 4676 7182
850 4646 7223
850 4643 7230
850 4642 7211
850 4646 7217
850 4633 7209
850 4640 7188
850 4622 7220
850 4640 7208
850 4638 7203
850 4649 7214
850 4674 7198
850 4622 7213
850 4593 7224
850 4592 7242
850 4679 7187
850 4639 7221
850 4613 7195
850 4584 7222
850 4641 7222
850 4676 7214
850 4614 7243
850 4624 7247
850 4606 7210
850 4649 7216
850 4642 7200
850 4583 7223
850 4655 7196
850 4673 7162
850 4613 7216
850 4611 7198
850 4644 7229
850 4627 7205
850 4630 7204
850 4670 7197
850 4628 7215
850 4652 7231
850 4656 7227
850 4641 7201
850 4600 7220
850 4623 7225
850 4689 7194
850 4666 7211
850 4611 7204
850 4582 7250
850 4645 7230
850 4656 7210
850 4605 7219
850 4678 7212
850 4623 7205
850 4654 7186
850 4610 7212
850 4640 7211
850 4644 7221
850 4588 7216
850 4623 7214
850 4596 7232
900 4954 7710
900 4960 7715
900 4987 7695
900 4953 7694
900 4929 7708
900 4969 7690
900 4961 7684
900 4958 7732
900 4954 7708
900 4945 7693
900 4925 7712
900 4966 7690
900 4983 7703
900 4898 7733
900 4949 7697
900 4951 7732
900 4963 7698
900 4973 7702
900 4901 7739
900 4906 7706
900 4946 7715
900 4930 7750
900 4964 7702
900 4963 7737
900 4935 7720
900 4979 7693
900 4935 7750
900 4918 7706
900 4931 7720
900 4965 7712
900 4951 7712
900 4948 7707
900 4937 7688
900 4954 7699
900 4979 7719
900 4924 7723
900 4921 7735
900 4975 7709
900 4937 7716
900 4951 7717
900 4975 7676
900 4939 7741
900 4984 7708
900 4990 7676
900 4999 7682
900 4961 7704
900 4961 7699
900 4944 7720
900 4935 7717
900 4948 7713
900 4954 7706
900 4994 7725
900 4960 7709
900 4970 7708
900 4929 7697
900 4960 7712
900 4959 7718
900 4918 7730
900 4908 7739
900 4941 7726
900 4967 7697
900 4976 7691
900 4959 7710
900 4926 7725
900 4952 7704
900 4945 7699
900 4924 7716
900 4993 7694
900 4940 7733
900 4917 7735
900 4923 7735
900 4964 7718
900 4933 7699
900 4942 7703
900 4939 7685
900 5007 7681
900 4989 7688
900 4983 7671
900 4961 7713
900 4914 7710
900 4965 7727
900 4952 7724
900 4973 7672
900 4953 7701
900 4956 7698
900 4937 7719
900 4987 7704
900 4977 7716
900 4907 7715
900 4984 7702
900 4941 7706
900 4964 7709
900 4919 7720
900 4967 7713
900 4945 7720
900 4931 7728
900 4984 7704
900 4977 7706
900 4932 7741
900 4935 7716
950 5210 8201
950 5271 8195
950 5287 8191
950 5276 8191
950 5268 8193
950 5223 8225
950 5282 8225
950 5242 8223
950 5258 8199
950 5240 8233
950 5242 8204
950 5241 8213
950 5216 8228
950 5269 8186
950 5238 8207
950 5265 8182
950 5266 8189
950 5216 8231
950 5245 8195
950 5286 8217
950 5204 8205
950 5271 8223
950 5295 8169
950 5263 8197
950 5220 8247
950 5263 8200
950 5221 8229
950 5230 8217
950 5198 8248
950 5214 8211
950 5255 8179
950 5239 8214
950 5240 8209
950 5266 8219
950 5263 8186
950 5242 8209
950 5263 8191
950 5257 8182
950 5244 8219
950 5277 8198
950 5266 8212
950 5243 8193
950 5265 8186
950 5274 8235
950 5224 8201
950 5210 8215
950 5249 8238
950 5262 8215
950 5254 8190
950 5239 8206
950 5274 8193
950 5264 8227
950 5213 8206
950 5233 8222
950 5229 8241
950 5300 8208
950 5243 8232
950 5267 8217
950 5265 8215
950 5277 8184
950 5257 8196
950 5264 8208
950 5260 8218
950 5278 8203
950 5224 8236
950 5205 8228
950 5271 8179
950 5192 8205
950 5235 8223
950 5279 8195
950 5246 8194
950 5269 8187
950 5236 8220
950 5223 8221
950 5203 8219
950 5237 8232
950 5264 8208
950 5253 8200
950 5244 8209
950 5245 8236
950 5205 8220
950 5256 8191
950 5266 8217
950 5250 8223
950 5260 8181
950 5246 8228
950 5257 8206
950 5253 8207
950 5274 8193
950 5260 8218
950 5278 8185
950 5178 8250
950 5258 8187
950 5225 8199
950 5285 8202
950 5276 8191
950 5268 8211
950 5295 8166
950 5208 8244
950 5256 8192
1000 5591 8700
1000 5613 8722
1000 5633 8672
1000 5576 8681
1000 5581 8719
1000 5555 8716
1000 5609 8697
1000 5578 8721
1000 5609 8736
1000 5552 8699
1000 5552 8722
1000 5547 8736
1000 5548 8739
1000 5601 8701
1000 5598 8692
1000 5605 8705
1000 5587 8685
1000 5550 8728
1000 5551 8722
1000 5545 8709
1000 5545 8712
1000 5607 8671
1000 5586 8707
1000 5593 8702
1000 5563 8688
1000 5611 8708
1000 5527 8720
1000 5558 8687
1000 5558 8710
1000 5604 8693
1000 5545 8711
1000 5613 8711
1000 5570 8717
1000 5588 8715
1000 5609 8699
1000 5565 8731
1000 5522 8729
1000 5573 8717
1000 5582 8704
1000 5593 8706
1000 5635 8683
1000 5632 8703
1000 5614 8716
1000 5580 8716
1000 5577 8704
1000 5595 8716
1000 5578 8717
1000 5617 8728
1000 5578 8709
1000 5582 8721
1000 5618 8669
1000 5605 8716
1000 5579 8703
1000 5600 8687
1000 5576 8665
1000 5575 8688
1000 5582 8717
1000 5563 8707
1000 5583 8704
1000 5569 8708
1000 5577 8699
1000 5588 8712
1000 5626 8676
1000 5593 8695
1000 5561 8727
1000 5633 8718
1000 5603 8683
1000 5623 8684
1000 5598 8736
1000 5533 8710
1000 5577 8691
1000 5621 8707
1000 5605 8718
1000 5590 8677
1000 5578 8726
1000 5613 8696
1000 5559 8722
1000 5602 8673
1000 5589 8679
1000 5574 8691
1000 5567 8709
1000 5573 8712
1000 5546 8737
1000 5572 8721
1000 5570 8694
1000 5605 8697
1000 5575 8688
1000 5565 8727
1000 5607 8691
1000 5574 8718
1000 5599 8710
1000 5599 8690
1000 5580 8702
1000 5562 8734
1000 5605 8727
1000 5566 8732
1000 5599 8692
1000 5594 8692
1000 5559 8706
1000 5601 8714
