n przestawienia_mysort porównania_mysort
50 134 268
50 177 243
50 138 231
50 194 288
50 178 258
50 139 228
50 142 220
50 180 252
50 149 266
50 151 258
50 179 275
50 182 262
50 201 261
50 125 215
50 131 215
50 176 315
50 177 241
50 180 253
50 159 224
50 147 257
50 177 259
50 126 215
50 135 272
50 158 267
50 168 297
50 187 260
50 146 239
50 146 289
50 130 219
50 132 264
50 116 290
50 177 261
50 162 251
50 185 292
50 171 243
50 175 262
50 172 264
50 137 282
50 173 250
50 108 294
50 226 351
50 136 224
50 125 230
50 187 248
50 293 371
50 177 248
50 147 246
50 166 274
50 215 290
50 166 257
50 165 253
50 192 271
50 147 292
50 169 254
50 189 316
50 172 281
50 130 219
50 137 277
50 179 239
50 141 281
50 131 281
50 241 304
50 173 253
50 116 244
50 135 238
50 128 231
50 215 260
50 128 255
50 248 290
50 180 260
50 222 327
50 129 242
50 151 216
50 177 233
50 159 225
50 169 244
50 148 235
50 146 248
50 134 238
50 127 275
50 176 235
50 97 248
50 155 268
50 117 225
50 146 241
50 151 237
50 135 226
50 124 229
50 122 243
50 168 227
50 170 291
50 223 293
50 170 261
50 182 263
50 138 232
50 143 257
50 145 310
50 133 228
50 196 267
50 119 273
100 336 611
100 468 647
100 412 680
100 353 627
100 370 745
100 374 627
100 408 623
100 387 608
100 429 644
100 556 788
100 294 701
100 384 678
100 367 638
100 379 642
100 331 600
100 375 630
100 377 685
100 345 607
100 333 612
100 297 632
100 345 671
100 270 901
100 320 637
100 419 721
100 335 576
100 253 540
100 377 668
100 435 712
100 360 598
100 425 619
100 312 612
100 314 590
100 318 559
100 307 583
100 327 589
100 309 592
100 318 613
100 526 733
100 433 646
100 391 592
100 381 592
100 432 683
100 408 665
100 385 664
100 452 659
100 377 665
100 342 646
100 405 601
100 308 544
100 430 592
100 363 670
100 318 784
100 300 587
100 366 627
100 377 623
100 395 691
100 355 667
100 504 837
100 415 659
100 343 617
100 383 617
100 325 584
100 325 580
100 313 576
100 311 594
100 391 708
100 450 634
100 377 621
100 451 692
100 350 560
100 339 551
100 359 688
100 365 614
100 297 634
100 304 593
100 381 737
100 333 594
100 334 587
100 415 732
100 425 665
100 373 618
100 378 570
100 404 662
100 387 597
100 336 682
100 541 811
100 326 569
100 481 729
100 347 672
100 397 648
100 369 703
100 354 701
100 438 625
100 418 632
100 413 619
100 349 622
100 342 590
100 392 766
100 330 666
100 430 658
150 632 996
150 690 1076
150 613 1026
150 740 1080
150 599 1110
150 695 1136
150 743 1084
150 721 1230
150 539 1130
150 633 1032
150 756 1070
150 662 1147
150 570 1197
150 506 946
150 811 1534
150 758 1164
150 653 1067
150 661 1289
150 593 970
150 525 1137
150 500 1027
150 658 1022
150 664 1144
150 747 1030
150 677 1027
150 567 1040
150 771 1274
150 640 1067
150 1132 1447
150 558 957
150 628 994
150 745 1157
150 515 1018
150 925 1255
150 685 1050
150 621 1138
150 616 990
150 528 991
150 566 1005
150 609 983
150 577 1023
150 725 1146
150 645 1083
150 677 1088
150 536 1028
150 577 1061
150 574 992
150 609 1094
150 587 1085
150 911 1297
150 593 1085
150 564 1022
150 495 969
150 774 1175
150 549 989
150 576 1088
150 599 1043
150 557 990
150 661 1102
150 606 1051
150 616 1023
150 634 1187
150 592 939
150 603 1030
150 698 1039
150 806 1241
150 715 1169
150 699 1028
150 513 1061
150 613 1163
150 648 1061
150 642 1107
150 584 1083
150 559 971
150 564 1023
150 632 979
150 501 957
150 696 1274
150 634 1030
150 663 1133
150 600 1172
150 540 990
150 594 1158
150 563 1043
150 657 1011
150 547 980
150 738 1185
150 561 1129
150 646 1179
150 593 1057
150 469 991
150 566 991
150 706 1004
150 730 1220
150 524 983
150 602 1090
150 622 1129
150 687 1219
150 990 1511
150 755 1111
200 836 1529
200 985 1576
200 683 1506
200 823 1612
200 865 1608
200 710 1559
200 749 1470
200 809 1504
200 1032 1576
200 998 1509
200 937 1579
200 825 1482
200 1031 1633
200 750 1615
200 1008 1658
200 1000 1567
200 1049 1574
200 939 1427
200 930 1470
200 927 1520
200 863 1643
200 772 1407
200 913 1427
200 816 1514
200 1147 1871
200 923 1464
200 1000 1705
200 1049 1693
200 974 1535
200 771 1561
200 1024 1614
200 999 1736
200 699 1514
200 946 1555
200 905 1443
200 813 1448
200 864 1586
200 983 1713
200 904 1517
200 1085 1772
200 981 1431
200 766 1447
200 700 1526
200 1120 1640
200 1080 1609
200 905 1762
200 894 1559
200 779 1633
200 951 1860
200 1016 1629
200 787 1447
200 937 1757
200 852 1449
200 844 1481
200 947 1510
200 907 1662
200 969 1594
200 925 1718
200 919 1492
200 1111 1779
200 722 1459
200 917 1492
200 843 1621
200 734 1475
200 862 1536
200 804 1678
200 871 1481
200 637 1519
200 1094 1817
200 842 1420
200 964 1689
200 823 1436
200 1048 1791
200 944 1506
200 903 1523
200 924 1555
200 790 1462
200 1052 1512
200 830 1414
200 759 1395
200 988 1652
200 811 1434
200 837 1424
200 946 1838
200 1028 1578
200 967 1667
200 1031 1533
200 740 1462
200 964 1852
200 865 1436
200 806 1376
200 978 1575
200 907 1443
200 890 1505
200 831 1441
200 746 1477
200 929 1630
200 807 1472
200 776 1698
200 880 1614
250 1121 1848
250 1185 2201
250 1226 1965
250 1582 2223
250 966 1743
250 956 1993
250 1370 1987
250 1034 1992
250 1122 2045
250 1326 2101
250 1263 1982
250 1076 1888
250 1165 2052
250 1351 1959
250 1373 2274
250 1321 2370
250 1399 2096
250 1066 1939
250 1131 2268
250 1194 2006
250 1255 2110
250 1133 2045
250 1217 2028
250 1086 1959
250 1064 1849
250 1222 1951
250 998 1928
250 1095 2125
250 1195 2059
250 1134 2014
250 1087 1986
250 1003 2116
250 1050 1858
250 1129 2191
250 1340 1985
250 1318 1982
250 1038 2097
250 1013 1799
250 1201 1913
250 1485 2232
250 1342 2146
250 1217 1959
250 1077 2130
250 1285 2151
250 1207 2342
250 911 1974
250 1279 2178
250 1100 1963
250 1233 1922
250 1073 1931
250 1096 2103
250 1521 2082
250 963 1893
250 1229 1986
250 1089 2012
250 1111 2177
250 1235 1969
250 1107 1986
250 1100 2348
250 1044 2091
250 1252 2059
250 1251 2052
250 1083 1822
250 1070 1916
250 1237 2012
250 1048 1915
250 1146 2163
250 1229 2091
250 1231 2128
250 1187 2012
250 1064 1920
250 949 2043
250 1276 2059
250 980 1981
250 1040 1939
250 1059 1984
250 1070 2086
250 1029 1954
250 1128 2008
250 1691 2639
250 994 2027
250 1235 2032
250 1195 2083
250 1363 2139
250 1114 1907
250 1001 1896
250 1046 2037
250 1149 2044
250 999 2101
250 1467 2223
250 1094 2078
250 1128 1839
250 1212 2052
250 1126 2033
250 1150 2098
250 1108 1938
250 1292 1970
250 1048 1780
250 1098 1946
250 1255 1904
300 1314 2309
300 1426 2419
300 1286 2519
300 1509 2493
300 1358 2322
300 1344 2599
300 1594 2731
300 1587 2586
300 1370 2555
300 1395 2541
300 1633 2648
300 1260 2670
300 1406 2664
300 1292 2521
300 1162 2502
300 1582 2513
300 1620 2918
300 1733 2705
300 1336 2340
300 1462 2542
300 1618 2676
300 1472 2617
300 1450 2455
300 1642 2803
300 1339 2401
300 1656 2688
300 1414 2578
300 1488 2577
300 1433 2478
300 1624 2589
300 1683 2583
300 1407 2803
300 1314 2648
300 1506 2828
300 1363 2564
300 1274 2518
300 1481 2510
300 1496 2812
300 1951 3021
300 1554 2577
300 1863 2850
300 1299 2432
300 1682 2593
300 1566 2697
300 1421 2297
300 1205 2504
300 1269 2533
300 1350 2623
300 1262 2355
300 1266 2722
300 1470 2515
300 1583 2654
300 1559 2401
300 1802 2990
300 1279 2543
300 1408 2451
300 1261 2397
300 1468 2447
300 1566 2948
300 1564 2867
300 1341 2629
300 1369 2384
300 1658 2815
300 1388 2579
300 1386 2416
300 1398 2471
300 1542 2635
300 1703 2765
300 1545 2606
300 1501 2478
300 1419 2439
300 1334 2553
300 1611 2523
300 1391 2539
300 1503 2407
300 1695 2952
300 1553 2645
300 1404 2394
300 1597 2711
300 1238 2477
300 1472 2511
300 1460 2978
300 1377 2694
300 1351 2431
300 1695 2729
300 1543 3247
300 1461 2460
300 1437 2305
300 1518 2756
300 1452 2634
300 1261 2516
300 1413 2370
300 1334 2616
300 1630 2661
300 1162 2279
300 1393 2674
300 1403 2742
300 1349 2626
300 1340 2457
300 1396 2875
350 1967 3069
350 1669 3060
350 1685 2998
350 2008 3261
350 1538 3008
350 1636 2833
350 1747 3209
350 1848 3353
350 1714 3011
350 1654 3069
350 1672 2905
350 1518 2785
350 2185 3614
350 1875 3372
350 1519 2770
350 1535 2904
350 1664 2954
350 1563 2806
350 1676 2857
350 2250 3215
350 1602 2888
350 1745 3024
350 1632 2784
350 1639 3018
350 1482 2999
350 1732 3415
350 1974 3204
350 1744 3143
350 1663 3098
350 1587 2809
350 1828 3019
350 1583 2997
350 1458 3055
350 1694 2919
350 1748 2981
350 1815 3098
350 1525 3109
350 1800 2848
350 1397 3137
350 1905 3151
350 1572 2904
350 1887 3236
350 1801 3037
350 1818 3631
350 1466 2742
350 1704 2887
350 1715 2991
350 1402 3259
350 1731 2844
350 1658 3142
350 1826 3124
350 1817 2992
350 1666 3276
350 1857 2960
350 2002 3573
350 1597 2974
350 1947 3293
350 1448 3043
350 1600 3101
350 2035 3849
350 2130 3111
350 1769 2848
350 1924 2968
350 1819 3611
350 1601 2846
350 2487 3892
350 1944 3079
350 1704 2821
350 1478 3021
350 1434 2927
350 1575 2804
350 1954 3138
350 1359 3195
350 1380 2872
350 2029 3300
350 1969 3389
350 1501 2781
350 1743 3320
350 1692 2924
350 1979 3181
350 1852 3005
350 1757 3375
350 2410 3595
350 1653 2998
350 1729 2963
350 1655 2857
350 2013 3107
350 2421 3687
350 1796 3115
350 1561 2835
350 1536 3105
350 1865 3334
350 1631 2860
350 1981 3367
350 1575 2955
350 2014 3842
350 1950 3139
350 1851 3162
350 1835 3263
350 1975 3050
400 2574 3739
400 2165 4240
400 1693 3443
400 2066 3769
400 2330 3619
400 1804 3547
400 1954 3755
400 1913 3164
400 1880 3505
400 1969 3303
400 2490 3695
400 1937 3480
400 2280 4171
400 2122 3490
400 2317 3710
400 1896 3570
400 1950 3561
400 1843 3326
400 1914 3486
400 1942 3683
400 2196 3468
400 2776 4132
400 2076 3677
400 2000 3407
400 1910 3599
400 1803 3497
400 1801 3935
400 1884 3398
400 2516 3814
400 2238 3495
400 2207 4054
400 2002 3677
400 2234 4016
400 2501 3811
400 1859 3520
400 2151 4151
400 1935 3551
400 2198 3514
400 2139 3656
400 2495 3806
400 2030 3768
400 2620 3719
400 2028 3997
400 2170 3743
400 2388 3755
400 2117 3398
400 2215 3545
400 2362 4199
400 2605 4181
400 1848 3812
400 2018 3598
400 1940 3547
400 1827 3340
400 2006 3416
400 1935 3829
400 1933 4286
400 1852 3839
400 2221 3900
400 1751 3361
400 1932 3668
400 2207 3771
400 2159 3669
400 1920 3259
400 1816 3428
400 2441 3700
400 2089 3740
400 1848 3276
400 2058 3948
400 1880 3555
400 2258 3432
400 2500 3831
400 2068 3478
400 2304 4000
400 2447 3890
400 2274 3387
400 2217 3670
400 2666 4362
400 1743 3620
400 2195 3648
400 2025 3549
400 1892 3407
400 2265 3955
400 2329 3913
400 1824 3425
400 2192 3464
400 1947 3660
400 1945 3472
400 1728 3351
400 1891 4271
400 2339 3693
400 2037 3367
400 1765 3516
400 2373 3933
400 1830 3719
400 2683 4320
400 2289 3925
400 2012 3392
400 2202 3805
400 2006 3614
400 2019 3485
450 2293 4150
450 1963 3937
450 2739 5071
450 2204 4284
450 2163 4371
450 2589 4382
450 2556 4310
450 2667 4391
450 2497 4175
450 2677 4186
450 2385 4137
450 2132 4096
450 2560 4448
450 2548 4187
450 2099 4082
450 2334 4077
450 2515 4254
450 2281 3970
450 2823 4345
450 1994 4499
450 2194 3849
450 2879 4590
450 2388 3904
450 2654 4553
450 2773 4666
450 1858 4291
450 2472 4086
450 2125 3766
450 2219 3987
450 2717 4283
450 2751 4257
450 2440 4195
450 2386 3997
450 2076 4323
450 2180 3871
450 2691 4258
450 2344 4481
450 2444 4754
450 2364 4395
450 2260 3981
450 2022 4399
450 2007 3916
450 2909 4385
450 2784 4523
450 2130 4562
450 2469 4242
450 2195 4026
450 2473 4091
450 2112 3892
450 2153 3876
450 2638 4204
450 2909 4227
450 2403 4119
450 2170 4207
450 2695 4440
450 2217 4046
450 2184 3975
450 1860 4599
450 2274 4074
450 2643 4174
450 2514 4219
450 2211 4731
450 2043 3804
450 2184 4132
450 2626 4112
450 2123 4281
450 2315 3890
450 2031 4162
450 2697 4857
450 2531 4455
450 2630 4131
450 2117 4098
450 2593 4098
450 2354 4031
450 2434 4269
450 2446 4735
450 2601 4591
450 2506 4179
450 2168 3864
450 2572 4192
450 2328 3841
450 2203 4131
450 2340 3863
450 2723 4328
450 2229 3898
450 2925 4657
450 2566 4148
450 2687 4075
450 2072 4250
450 2201 3940
450 2658 4541
450 2102 3810
450 2285 3931
450 2181 4421
450 2391 3993
450 2284 4347
450 2048 3783
450 2669 4329
450 2675 4395
450 2191 4042
500 2703 4733
500 3376 4852
500 2668 4459
500 2428 4500
500 2800 5221
500 2674 4529
500 2717 4648
500 3120 5016
500 2481 4786
500 2603 4668
500 3092 4988
500 2748 4692
500 2861 5204
500 2693 4952
500 2727 4819
500 3087 4846
500 2741 4924
500 2518 4244
500 3035 5110
500 2353 4432
500 3619 5256
500 2400 4739
500 2880 4503
500 3008 5048
500 3088 5036
500 3179 5099
500 2582 4581
500 2378 4969
500 3232 5201
500 2513 4400
500 3081 5313
500 2452 4467
500 2549 4634
500 2323 4439
500 2996 4992
500 3058 5542
500 3013 4924
500 2944 5180
500 2987 4962
500 2657 4814
500 2601 4365
500 2678 4762
500 2619 4464
500 2522 4597
500 2619 4734
500 2897 4655
500 2304 4580
500 2578 4654
500 2363 4458
500 2890 4816
500 2636 5262
500 2569 4419
500 3019 5092
500 2995 4698
500 2665 5084
500 2397 5217
500 3377 5016
500 2894 4799
500 2580 4411
500 2694 4510
500 2805 5007
500 2476 4331
500 3286 5226
500 2693 4625
500 3181 4887
500 2892 4858
500 2713 5194
500 2673 4702
500 2651 4611
500 2623 4381
500 3047 5095
500 2866 5592
500 2434 4445
500 2329 4274
500 2886 4766
500 2338 4831
500 2522 4688
500 3126 5188
500 2580 4780
500 2510 4674
500 2712 4782
500 3033 5615
500 2506 4784
500 2622 5271
500 3002 5518
500 3245 5392
500 2711 4804
500 2219 4974
500 2641 4686
500 2559 4797
500 2495 4380
500 2379 5104
500 2823 4817
500 2541 4692
500 2436 4730
500 2301 4601
500 2482 4508
500 2770 4593
500 3395 5233
500 2666 4745
550 2538 5254
550 3137 5717
550 2696 5396
550 3294 5946
550 3470 5871
550 2833 4913
550 2842 4909
550 3679 5407
550 3296 5673
550 2978 5169
550 3532 6317
550 2641 5127
550 2711 4805
550 3349 5345
550 3061 5126
550 2616 4933
550 3156 5239
550 2638 5204
550 3711 5737
550 2721 4961
550 2950 5277
550 2628 5470
550 2814 5928
550 3483 5431
550 2960 5644
550 2925 5045
550 2829 4918
550 3069 5182
550 2615 5505
550 3259 5602
550 3018 5289
550 3276 5474
550 3090 5540
550 3088 5170
550 2903 5182
550 2851 5309
550 3082 5101
550 2943 5354
550 3599 5983
550 2709 5267
550 3238 5502
550 2703 6048
550 2681 5062
550 2545 4972
550 2703 5119
550 2889 5641
550 2797 5269
550 3108 5430
550 3130 5460
550 2707 5408
550 3674 5895
550 3095 5162
550 2653 5014
550 3276 5428
550 2793 5279
550 2889 5288
550 3312 6139
550 3273 6241
550 3060 5433
550 3574 6136
550 2862 5653
550 3628 5572
550 2722 5175
550 2796 5639
550 2683 4884
550 2966 5340
550 3506 5363
550 3024 5342
550 2691 5007
550 2804 5353
550 3874 5889
550 3478 5366
550 2963 5531
550 2800 5252
550 3592 5576
550 3968 5778
550 2667 4836
550 3212 5293
550 2627 4790
550 3275 5466
550 3319 5439
550 2579 5287
550 2648 5429
550 2886 5254
550 3459 5257
550 3520 5817
550 3562 5585
550 2805 5152
550 3205 5424
550 2548 5133
550 3005 6008
550 3058 5272
550 3152 5651
550 2547 4835
550 3615 6233
550 2966 5200
550 3298 5745
550 2588 4938
550 2552 5495
550 3324 5010
600 3045 6315
600 3456 6587
600 2792 5496
600 3595 6274
600 3526 6101
600 3038 5705
600 3281 6372
600 3496 6722
600 3079 5606
600 3255 6359
600 2988 5836
600 3204 5675
600 3223 5549
600 2979 5730
600 3380 5777
600 3260 5889
600 3353 5746
600 3066 5646
600 3963 6505
600 2890 5359
600 3463 5840
600 2942 5605
600 3012 5625
600 2605 6294
600 3238 5409
600 3890 6493
600 3134 5652
600 2972 5668
600 3022 5523
600 3843 5787
600 3513 5795
600 3359 6067
600 3781 6401
600 3832 6056
600 2933 5773
600 3302 5853
600 3419 5905
600 3284 5751
600 3001 5385
600 3669 6009
600 3947 6863
600 3278 5864
600 3221 5909
600 3464 5585
600 3462 5736
600 3179 5492
600 3379 5730
600 4485 7172
600 3191 5802
600 3083 5820
600 3508 5710
600 3232 5966
600 4029 6318
600 3396 5803
600 3728 5952
600 3546 6247
600 3096 5875
600 3715 6554
600 3459 5661
600 3777 6430
600 2843 5820
600 3411 7106
600 3461 6507
600 3410 5788
600 3468 5970
600 3410 5781
600 2978 6321
600 3520 6057
600 3180 5761
600 3500 5605
600 3032 5460
600 3406 6085
600 3478 6411
600 2690 6413
600 3042 5780
600 3879 6241
600 5530 7666
600 3103 5506
600 3294 5927
600 3567 5747
600 3406 5990
600 3870 6328
600 3784 6017
600 3351 5767
600 3999 6282
600 3832 6271
600 3167 6037
600 3564 5847
600 3813 6854
600 4121 6092
600 3771 5873
600 3360 6649
600 3694 6504
600 3339 5838
600 3413 5668
600 3295 6121
600 3673 6052
600 3418 5832
600 3304 5814
600 2923 5911
650 3829 6473
650 3589 6354
650 3421 5926
650 3616 6643
650 3493 6650
650 3916 6205
650 4313 6981
650 3281 5954
650 3702 6608
650 3258 6438
650 3344 6690
650 3693 6412
650 3341 6819
650 3334 6570
650 3773 6475
650 3784 6450
650 3951 7789
650 3718 7101
650 3684 6514
650 3376 6201
650 3921 6611
650 3624 6272
650 3791 6721
650 3211 6726
650 3519 6428
650 4244 6861
650 3617 6211
650 4104 7291
650 3660 6355
650 4519 8410
650 3132 6196
650 3650 6273
650 3609 6173
650 3536 6542
650 3324 6218
650 4093 7069
650 3096 6551
650 3639 6250
650 3534 6445
650 4150 7473
650 3803 6297
650 4075 6672
650 3634 6307
650 3929 6213
650 3585 7201
650 3470 6011
650 3084 5889
650 3072 6392
650 3777 6690
650 3357 6457
650 3793 6363
650 3719 5978
650 3926 6764
650 3951 6527
650 3482 6045
650 3775 6173
650 3403 6735
650 3977 6638
650 3568 6026
650 3699 6232
650 3691 6682
650 3864 7551
650 3705 6290
650 3121 6635
650 3767 6332
650 3894 6637
650 3879 6371
650 3537 5997
650 4171 7172
650 3397 6514
650 3595 6460
650 3946 6987
650 4321 6476
650 3912 6453
650 3588 6181
650 3429 6860
650 3410 6572
650 3343 6070
650 4207 6944
650 3731 6180
650 4566 7700
650 3342 6170
650 3356 6911
650 3890 6310
650 3414 6783
650 3893 6341
650 3629 6352
650 3547 6209
650 3395 6215
650 3490 6421
650 3231 6770
650 3459 6125
650 3213 6511
650 4264 7602
650 3475 6777
650 3293 6289
650 3778 6153
650 3979 6302
650 3578 7084
650 3535 6505
700 3677 7083
700 4038 7170
700 3774 6874
700 3879 6593
700 4191 7313
700 4986 7470
700 3545 7302
700 3684 7045
700 4352 7031
700 3447 6812
700 3846 7453
700 4361 7738
700 4003 7110
700 4694 7350
700 3462 6730
700 4501 7820
700 4790 7385
700 3560 7581
700 4180 7441
700 4231 7211
700 3458 6729
700 4083 7662
700 3881 6866
700 3570 7031
700 4510 7342
700 3888 7032
700 4471 7413
700 4326 6850
700 4003 7420
700 3766 7984
700 4771 7655
700 4113 7681
700 4241 6993
700 4113 7108
700 3983 6867
700 4014 7411
700 4865 7660
700 3944 6916
700 4159 7028
700 3881 7686
700 5318 7800
700 3564 6568
700 3752 8141
700 3483 6684
700 4505 8216
700 4171 6890
700 3741 6974
700 4070 7007
700 3686 6984
700 3830 6699
700 3957 7483
700 4226 7079
700 4181 6681
700 4078 7135
700 4620 7515
700 3727 7083
700 4097 7278
700 4027 6532
700 3722 6685
700 3637 6631
700 4012 6831
700 4325 7660
700 3636 7236
700 4141 7330
700 3717 6844
700 3343 7383
700 3981 6945
700 3722 7260
700 3856 7166
700 3559 6443
700 4019 7531
700 3995 7322
700 3612 6693
700 3411 6950
700 3938 6982
700 4742 7686
700 4242 6965
700 4091 7483
700 4296 6870
700 4071 6662
700 5270 7869
700 3672 7746
700 3892 6938
700 3467 8070
700 4502 7793
700 3737 7623
700 3987 6934
700 4098 6932
700 3622 7019
700 3883 7065
700 4059 7140
700 4173 7204
700 4479 7703
700 5032 8153
700 4072 7614
700 4566 7691
700 3869 6971
700 3598 6395
700 3545 6944
700 3984 7377
750 3901 7247
750 5021 7504
750 4233 7468
750 4219 7950
750 3944 7010
750 3951 8209
750 4820 8324
750 4567 7849
750 4754 8249
750 4734 7713
750 5558 9633
750 4251 8221
750 4038 7653
750 4466 8028
750 3915 8435
750 5148 8611
750 4614 7374
750 4331 7579
750 4510 8031
750 4083 7470
750 4279 7841
750 4736 8249
750 4282 7808
750 3900 7044
750 4744 7970
750 3820 8157
750 4279 7441
750 4740 7472
750 5611 8473
750 3603 7729
750 3927 7566
750 4100 7270
750 3903 7180
750 4352 7860
750 5188 8062
750 4742 7985
750 3805 7850
750 4354 7255
750 3329 7349
750 3901 7992
750 3745 8326
750 4095 7659
750 4159 7380
750 4428 7718
750 4356 7179
750 4261 7762
750 3995 8153
750 4124 7437
750 4856 8167
750 4258 7245
750 4013 7243
750 4562 7645
750 4609 7307
750 4368 7672
750 4114 7136
750 4379 8073
750 3805 7506
750 5113 8300
750 4321 8083
750 4275 7971
750 3880 7502
750 4640 7771
750 5179 8360
750 4538 7611
750 4275 7756
750 4890 8160
750 4767 7660
750 4202 7900
750 3622 7370
750 3894 8032
750 3915 7268
750 3833 7279
750 3996 7119
750 4905 7810
750 4964 7863
750 4561 7891
750 4093 7353
750 3856 7935
750 4235 7341
750 4178 7641
750 4416 7302
750 4288 8294
750 4691 8110
750 4269 8830
750 4806 7708
750 4803 7802
750 4439 7402
750 4729 8065
750 3946 7522
750 3876 8367
750 4969 9037
750 4711 7840
750 4739 8072
750 4569 7918
750 5017 7872
750 4328 7485
750 4182 7245
750 4009 7698
750 3984 7160
750 4384 7938
800 4713 8775
800 5293 8823
800 4509 9191
800 5304 8418
800 4407 8041
800 4959 8754
800 3925 8001
800 3878 8247
800 3800 7350
800 4949 8136
800 4279 8473
800 4338 8926
800 4649 7898
800 4886 9260
800 4657 8515
800 4398 7820
800 4206 8437
800 4108 10126
800 4855 7694
800 5005 8508
800 4464 7791
800 5648 9111
800 4484 7869
800 5794 9480
800 5096 8578
800 4401 8943
800 4532 8152
800 4572 7998
800 4729 8738
800 4869 8884
800 4829 7975
800 4350 8172
800 4479 7905
800 5096 8548
800 5302 8729
800 4332 8160
800 4321 8145
800 4072 7723
800 4040 8235
800 4935 8897
800 4123 8667
800 4741 8582
800 4137 8037
800 3903 7916
800 4468 8459
800 5652 9651
800 4526 8402
800 4840 7766
800 4819 8715
800 4694 8438
800 4516 9035
800 4367 7710
800 5808 9343
800 4597 8734
800 4049 8437
800 4420 7923
800 4493 8860
800 3985 8134
800 4846 8908
800 4859 8236
800 4489 7762
800 4573 8334
800 4166 7706
800 4685 8314
800 4783 8074
800 4394 8302
800 4699 8279
800 4433 8174
800 5245 8354
800 5083 8330
800 4413 8534
800 5145 8846
800 4429 8178
800 4596 8536
800 5650 9301
800 4523 8068
800 4226 9178
800 4855 7739
800 5111 8574
800 4554 8097
800 4857 8184
800 4741 9151
800 4489 8024
800 4086 7903
800 4187 7965
800 4676 8040
800 4568 8219
800 4677 7890
800 4494 7862
800 4869 8811
800 4556 8087
800 4235 7675
800 4756 8628
800 5452 8397
800 4593 8628
800 4588 8135
800 4304 8462
800 5354 8762
800 4687 8090
800 4586 8482
850 4861 8812
850 5099 8530
850 4932 8830
850 4977 9232
850 5004 9009
850 5516 9280
850 4750 8764
850 5195 9639
850 4815 9047
850 4826 9350
850 4768 8363
850 4625 8795
850 4024 7996
850 4501 8764
850 4854 8682
850 4239 8681
850 5636 8736
850 5686 9571
850 4155 8471
850 4952 9379
850 4931 8249
850 4372 8478
850 4747 8538
850 5261 9531
850 4597 8088
850 4634 9861
850 5239 8767
850 4932 8965
850 5148 9639
850 5901 9598
850 4832 9396
850 4749 8686
850 4600 8685
850 4841 8478
850 5739 9758
850 4872 8455
850 5152 8724
850 4868 8850
850 4827 8943
850 5406 9353
850 4397 9292
850 4626 9292
850 4952 9031
850 4738 8919
850 4582 8306
850 4203 8714
850 4880 9386
850 5242 8744
850 5089 8337
850 5436 9593
850 6239 9594
850 5647 8844
850 4478 8911
850 4493 9470
850 4379 8500
850 5314 8541
850 4771 9390
850 5530 10220
850 4952 9721
850 5216 9056
850 5027 8868
850 5045 9785
850 4316 9032
850 4828 8780
850 4818 9323
850 4686 8375
850 5305 9451
850 5098 8465
850 4863 8738
850 5290 9426
850 5030 9026
850 4468 10001
850 5122 8971
850 4836 8281
850 4584 9595
850 5090 9095
850 4745 8771
850 6185 9372
850 6067 9178
850 4897 8293
850 4963 8965
850 5339 9243
850 5169 9389
850 5535 9453
850 5232 9832
850 5541 9288
850 4659 9279
850 4517 8802
850 4648 8845
850 5215 10121
850 5511 9165
850 5375 9352
850 4835 8854
850 5125 9220
850 4954 8690
850 5206 8534
850 4842 8506
850 5427 9286
850 5352 8895
850 5899 10200
900 4961 9092
900 5551 9301
900 5871 10628
900 5294 9544
900 5524 9017
900 4666 9290
900 4998 9098
900 5107 8991
900 6272 9778
900 4866 9618
900 4824 9913
900 5058 8876
900 6041 10118
900 5508 9901
900 6301 10781
900 5170 9006
900 5410 9748
900 6414 10093
900 4938 9022
900 5296 8916
900 6096 11088
900 6232 10019
900 5621 9683
900 5468 9976
900 5052 8883
900 6154 9889
900 4530 9952
900 5269 9631
900 4723 8834
900 4551 8999
900 5116 9238
900 4785 8736
900 4769 9312
900 6130 10720
900 4822 8989
900 5497 9152
900 4969 9326
900 5120 9124
900 4789 9500
900 5623 9591
900 5900 9898
900 5124 9217
900 5441 9793
900 5486 9405
900 6210 9855
900 4817 8732
900 5195 9077
900 5721 9410
900 5319 9241
900 5832 9690
900 5108 10216
900 4660 8974
900 5404 9995
900 4983 9043
900 5321 9779
900 5873 9808
900 5716 9912
900 5015 9362
900 4998 9818
900 6239 9895
900 5473 9169
900 5128 10166
900 5127 9627
900 5893 9714
900 4444 10965
900 5163 9153
900 6337 9944
900 4585 9182
900 5054 9708
900 5289 9221
900 5315 9772
900 5910 10622
900 5199 9447
900 6158 9897
900 5486 9706
900 5558 9725
900 5699 10862
900 5711 9737
900 4986 8912
900 5706 9347
900 5095 8976
900 5629 9641
900 5082 9026
900 4615 9146
900 5690 9900
900 4920 9019
900 5339 9799
900 6238 10267
900 5587 9975
900 5303 9683
900 5917 9996
900 5391 9971
900 5827 10086
900 5285 10179
900 4844 8941
900 5114 9830
900 6476 10632
900 4901 9949
900 5828 10494
900 4673 10257
950 5268 9638
950 6708 12018
950 6305 10833
950 5802 10407
950 5889 10177
950 5091 10206
950 4536 10375
950 5923 11239
950 5774 10236
950 5392 10131
950 5529 9776
950 5085 10402
950 5273 9667
950 6009 10010
950 6019 10590
950 5346 10302
950 6163 10547
950 5409 9854
950 5353 9844
950 5316 9389
950 6200 10468
950 5732 9830
950 5914 10937
950 5697 10290
950 6341 9980
950 4822 9861
950 5981 9544
950 5444 9540
950 5566 10248
950 6442 10624
950 5842 10759
950 5961 11246
950 5672 11639
950 6247 11641
950 5971 9842
950 5607 11762
950 5836 9832
950 5576 9972
950 5676 12026
950 5988 9897
950 5981 10789
950 5592 10107
950 5344 9369
950 5741 10899
950 7144 12177
950 6447 10802
950 5852 10016
950 6382 10566
950 5591 11049
950 6626 11261
950 6475 10744
950 5501 9560
950 5854 11616
950 7165 11041
950 4874 9701
950 5669 10248
950 5305 10150
950 5236 9822
950 6369 10786
950 5871 10459
950 5723 9517
950 5203 10141
950 5712 10017
950 5660 10209
950 5378 9766
950 5969 9923
950 5248 10291
950 5806 9885
950 5963 11339
950 6246 11022
950 5362 9903
950 6793 10191
950 5472 10011
950 5566 9597
950 5682 9720
950 5839 10283
950 4959 9831
950 5697 10525
950 5633 9878
950 5001 9866
950 5505 10409
950 5564 10393
950 5896 10139
950 5284 9636
950 5179 10033
950 5664 10246
950 6750 11343
950 5464 9399
950 5205 10806
950 6297 10439
950 6252 11336
950 4905 9799
950 6231 11305
950 6838 11305
950 6184 10415
950 5300 10246
950 5229 10038
950 5448 10311
950 5350 9756
950 5403 11365
1000 6057 11334
1000 5970 10413
1000 6596 11177
1000 5090 10059
1000 6050 10518
1000 6321 10781
1000 8881 14399
1000 5751 10812
1000 5167 10996
1000 8038 12645
1000 5438 10662
1000 6592 11296
1000 6020 11821
1000 6649 10958
1000 6637 11424
1000 7853 12338
1000 5323 11243
1000 7153 11793
1000 5991 11572
1000 6941 10902
1000 5609 10391
1000 5435 11318
1000 6052 11269
1000 6282 10580
1000 7123 11165
1000 5252 11156
1000 5843 10141
1000 6321 11570
1000 6184 10934
1000 7368 11009
1000 6216 10592
1000 5869 11210
1000 5956 10702
1000 5532 10246
1000 5707 10232
1000 5507 10392
1000 6225 12048
1000 6553 10999
1000 6394 12166
1000 6071 11297
1000 4845 10176
1000 5953 10706
1000 5748 10600
1000 5374 10102
1000 5574 10537
1000 7315 12092
1000 5891 11600
1000 5876 11044
1000 5550 10444
1000 5451 10354
1000 6827 11846
1000 6633 10842
1000 6375 10820
1000 6601 11169
1000 5461 11029
1000 6204 11799
1000 5762 11196
1000 6007 11567
1000 5212 11244
1000 6670 10788
1000 5980 10133
1000 7127 11196
1000 5948 10963
1000 5749 10169
1000 5383 10382
1000 6811 11176
1000 5178 11064
1000 6031 11098
1000 6476 11006
1000 5840 10998
1000 8283 12276
1000 5728 10950
1000 6782 10989
1000 5894 10923
1000 5581 10448
1000 5714 11013
1000 5396 10679
1000 6797 11637
1000 6832 10973
1000 5741 10207
1000 5464 10388
1000 5358 10322
1000 6039 11538
1000 6092 10267
1000 5712 10388
1000 6569 11179
1000 6046 10354
1000 6809 10684
1000 5549 11391
1000 6518 10728
1000 5861 11188
1000 5404 10077
1000 7282 11353
1000 4914 10610
1000 6275 10466
1000 6141 11132
1000 6819 11380
1000 5763 11890
1000 5447 11191
1000 5847 11731
