n przestawienia_quick porównania_quick
50 200 257
50 200 239
50 198 265
50 140 275
50 172 268
50 160 234
50 172 276
50 190 248
50 146 218
50 171 240
50 211 290
50 153 218
50 153 274
50 160 244
50 145 249
50 147 245
50 195 249
50 175 235
50 141 252
50 160 268
50 151 222
50 197 267
50 139 247
50 230 336
50 167 232
50 150 244
50 158 236
50 148 235
50 180 264
50 183 283
50 155 268
50 172 249
50 156 225
50 219 318
50 156 238
50 179 241
50 175 289
50 173 230
50 124 263
50 168 227
50 237 344
50 159 276
50 137 233
50 139 270
50 137 245
50 186 242
50 178 243
50 239 312
50 234 300
50 169 294
50 227 276
50 152 237
50 172 273
50 240 292
50 124 246
50 174 264
50 157 221
50 186 281
50 217 306
50 173 266
50 130 249
50 139 251
50 164 269
50 230 284
50 143 249
50 153 248
50 157 266
50 161 237
50 176 246
50 171 259
50 130 259
50 186 276
50 153 238
50 203 328
50 127 234
50 122 257
50 219 268
50 195 277
50 228 378
50 143 235
50 158 229
50 132 249
50 207 310
50 186 260
50 183 307
50 127 247
50 133 254
50 220 300
50 190 265
50 182 246
50 184 243
50 145 219
50 184 253
50 192 290
50 208 279
50 151 236
50 243 313
50 157 284
50 139 213
50 164 243
100 365 613
100 403 619
100 482 679
100 384 618
100 469 771
100 345 658
100 386 612
100 579 722
100 404 600
100 420 720
100 355 765
100 317 625
100 323 677
100 422 625
100 367 575
100 359 654
100 399 619
100 315 585
100 466 722
100 489 812
100 417 626
100 452 627
100 388 753
100 380 666
100 323 652
100 366 568
100 286 746
100 414 625
100 350 687
100 331 619
100 356 613
100 500 665
100 331 578
100 339 638
100 453 786
100 367 621
100 310 691
100 384 583
100 391 582
100 433 625
100 341 588
100 382 570
100 402 711
100 354 593
100 368 579
100 393 625
100 365 605
100 401 590
100 372 596
100 354 638
100 404 691
100 321 542
100 440 614
100 450 729
100 434 641
100 356 600
100 385 663
100 459 622
100 457 660
100 389 632
100 356 607
100 468 700
100 360 565
100 364 543
100 455 742
100 385 683
100 412 587
100 391 654
100 399 654
100 385 613
100 390 712
100 476 624
100 399 589
100 542 719
100 460 650
100 343 582
100 606 768
100 436 637
100 395 592
100 503 686
100 400 657
100 432 639
100 358 630
100 317 643
100 361 601
100 363 648
100 385 619
100 382 583
100 490 775
100 342 640
100 372 594
100 353 532
100 380 606
100 457 726
100 293 647
100 431 591
100 375 622
100 381 671
100 399 662
100 488 681
150 783 1173
150 822 1198
150 710 1346
150 616 978
150 545 1015
150 613 973
150 596 998
150 592 1028
150 635 1076
150 627 1124
150 574 1025
150 777 1273
150 516 1076
150 631 1018
150 749 1137
150 708 995
150 574 1096
150 561 1005
150 653 1088
150 649 1065
150 721 1422
150 670 1129
150 530 966
150 657 1028
150 619 1059
150 594 1044
150 684 1088
150 586 961
150 625 976
150 563 1144
150 496 1036
150 576 1098
150 583 1057
150 626 1064
150 678 1099
150 583 1194
150 680 1045
150 712 1000
150 842 1123
150 832 1226
150 632 1180
150 672 1210
150 569 1124
150 809 1262
150 724 1168
150 666 1046
150 671 1122
150 553 1069
150 723 1057
150 708 1088
150 713 1056
150 498 1027
150 633 980
150 844 1286
150 701 1017
150 603 1047
150 671 1070
150 618 1001
150 816 1318
150 658 1054
150 603 1026
150 699 1085
150 576 986
150 751 1063
150 727 1048
150 587 1044
150 842 1278
150 633 996
150 576 950
150 717 1000
150 549 970
150 490 968
150 562 986
150 610 1141
150 609 1063
150 613 1058
150 570 1138
150 602 1055
150 639 1042
150 561 997
150 723 1075
150 699 1212
150 674 1123
150 747 1087
150 681 1036
150 704 1042
150 562 1193
150 702 1041
150 600 1051
150 699 1061
150 663 1088
150 647 1068
150 618 1095
150 583 1003
150 729 1021
150 679 1070
150 638 1061
150 797 1144
150 680 1075
150 627 996
200 1031 1528
200 898 1591
200 761 1639
200 1153 1624
200 990 1614
200 840 1357
200 928 1418
200 763 1413
200 911 1476
200 1048 1567
200 930 1571
200 1060 1518
200 935 1383
200 1007 1829
200 729 1508
200 951 1552
200 723 1403
200 870 1491
200 858 1328
200 925 1619
200 815 1610
200 1012 1830
200 1012 1483
200 799 1391
200 928 1436
200 821 1442
200 975 1372
200 953 1554
200 751 1323
200 1013 1443
200 890 1467
200 873 1505
200 935 1609
200 886 1486
200 1047 1527
200 932 1441
200 944 1588
200 1158 1737
200 886 1519
200 976 1519
200 1055 1627
200 936 1400
200 747 1538
200 841 1427
200 954 1579
200 1006 1889
200 966 1538
200 932 1693
200 1042 1580
200 901 1641
200 962 1640
200 807 1580
200 1102 1690
200 778 1372
200 917 1599
200 841 1485
200 774 1476
200 1158 1717
200 952 1506
200 860 1441
200 917 1527
200 925 1559
200 857 1514
200 893 1411
200 935 1648
200 773 1613
200 963 1444
200 849 1394
200 957 1585
200 1317 1820
200 1078 1597
200 926 1605
200 886 1458
200 1042 1610
200 862 1548
200 871 1605
200 1004 1566
200 806 1621
200 963 1576
200 908 1426
200 792 1522
200 702 1573
200 1323 1853
200 912 1530
200 723 1827
200 1058 1789
200 863 1859
200 910 1459
200 984 1507
200 1096 1660
200 750 1398
200 893 1474
200 1164 1738
200 1115 1586
200 1011 1622
200 980 1496
200 930 1552
200 998 1699
200 823 1433
200 840 1400
250 1070 1880
250 1224 1914
250 1221 2012
250 1239 1944
250 1168 1875
250 1369 2133
250 1588 2165
250 1204 1937
250 1163 1918
250 1312 1953
250 1073 1951
250 1128 2251
250 1184 2203
250 1360 2222
250 1225 1949
250 1073 1800
250 1357 1968
250 959 1849
250 1298 2118
250 1251 1859
250 1098 1914
250 1142 1823
250 1415 2200
250 1061 2002
250 1268 2110
250 1025 1960
250 968 1777
250 1253 1994
250 1399 2015
250 1131 2140
250 1124 2070
250 1182 1952
250 1198 2087
250 1243 2039
250 1306 2073
250 1182 1941
250 1321 2120
250 1306 2030
250 1173 1957
250 1324 1992
250 1072 1895
250 1299 1970
250 1132 1978
250 1125 1838
250 1259 2314
250 1307 2084
250 1060 2043
250 1052 1992
250 1315 2084
250 1187 2054
250 1033 1889
250 1023 2307
250 1141 2260
250 1384 2160
250 1060 1790
250 1126 1798
250 1100 2017
250 1330 2157
250 969 1908
250 1062 2037
250 1092 1920
250 1318 2040
250 1306 2160
250 1241 1962
250 1657 2197
250 1229 2130
250 1279 2190
250 1361 2260
250 1495 2362
250 1198 2133
250 1029 1928
250 1214 1975
250 1235 2050
250 1348 2096
250 1304 2107
250 1338 2055
250 1314 2026
250 1103 1866
250 1060 1842
250 1146 2072
250 1259 2233
250 1592 2204
250 1210 1902
250 1333 2054
250 1112 1911
250 1223 1973
250 1210 1975
250 1326 2092
250 1238 2001
250 1230 2421
250 1019 1855
250 1252 1971
250 1115 2012
250 1227 2110
250 1262 1971
250 1389 2056
250 1263 2043
250 1431 2005
250 1165 1952
250 1156 2048
300 1446 2512
300 1356 2328
300 1276 2233
300 1332 2854
300 1979 2724
300 1674 2460
300 1492 2484
300 1743 2553
300 1474 2884
300 1344 2608
300 1292 2463
300 1913 2717
300 1591 2643
300 1441 2397
300 1617 2924
300 1467 2475
300 1699 2748
300 1518 2625
300 1474 2943
300 1851 2724
300 1716 2620
300 1516 2457
300 1533 2495
300 1936 3277
300 1499 2622
300 1414 2500
300 1327 2502
300 1414 2269
300 1741 2560
300 1555 2480
300 1586 2436
300 1382 2388
300 1580 2480
300 1538 2419
300 1643 2539
300 1487 2618
300 1524 2569
300 1645 2605
300 1300 2307
300 1539 2490
300 1672 2469
300 1491 2269
300 1390 2472
300 1755 3052
300 1725 2909
300 1223 2384
300 1505 2643
300 1395 2456
300 1800 3010
300 1364 2641
300 1577 2608
300 1469 2457
300 1394 2339
300 1390 2388
300 1292 2628
300 1357 2575
300 1350 2449
300 1333 2454
300 1542 2639
300 1462 2581
300 1354 2410
300 1370 2561
300 1159 2591
300 1747 2816
300 1375 2715
300 1462 2468
300 1477 2403
300 1493 2606
300 1539 2414
300 1368 2475
300 1436 2606
300 1443 2934
300 1444 2823
300 1493 2500
300 1457 2479
300 1585 2456
300 1553 2443
300 1576 2499
300 1819 2836
300 1399 2411
300 1313 2464
300 1453 2476
300 1464 2492
300 1304 2483
300 1343 2311
300 1345 2383
300 1310 2336
300 1473 2421
300 1476 2384
300 1897 2841
300 1473 2631
300 1798 2776
300 1390 2630
300 1629 2516
300 1675 2500
300 1447 2773
300 1309 2602
300 1535 2596
300 1369 2373
300 1494 2645
350 1830 2957
350 1771 3034
350 1598 2755
350 1651 2827
350 1561 3047
350 1897 2941
350 1810 3089
350 2117 3463
350 2027 3327
350 1956 2961
350 2007 3118
350 1979 3130
350 1760 3116
350 2089 3365
350 1917 3072
350 1731 3021
350 1741 3036
350 1581 2693
350 1704 3031
350 1825 3055
350 1639 3014
350 1802 3054
350 2037 3098
350 2033 3071
350 2031 3052
350 1477 3080
350 1727 3309
350 1798 2820
350 1770 3028
350 1573 3272
350 1591 3404
350 1635 2954
350 1505 2821
350 1812 2933
350 1700 3168
350 1988 3394
350 1809 3012
350 1612 2846
350 1767 3209
350 1911 3359
350 2067 3035
350 1823 3085
350 1631 2767
350 1932 3213
350 1813 3330
350 1796 3228
350 1604 2912
350 1940 3468
350 1662 2935
350 1788 3002
350 2483 3526
350 1603 2957
350 1589 2820
350 2104 3438
350 1800 3271
350 1616 2842
350 1667 2896
350 2087 3183
350 2165 3374
350 2261 3606
350 1718 2804
350 1785 3093
350 1996 3360
350 1632 3233
350 1534 2710
350 1735 3113
350 1612 3001
350 1644 2861
350 2074 3089
350 1909 3043
350 1754 3509
350 2011 3199
350 1728 3085
350 1857 3088
350 1837 3416
350 1936 2932
350 1674 2976
350 1655 2918
350 1684 2956
350 1718 3002
350 1833 3236
350 2140 3159
350 1699 2843
350 1514 3515
350 1876 3047
350 1484 3457
350 1653 2932
350 2451 3390
350 1715 2741
350 1702 3144
350 1774 3149
350 2054 3224
350 1631 2828
350 1790 3161
350 1616 3314
350 1564 2774
350 1942 3578
350 1968 3346
350 1776 2973
350 1827 3204
400 2232 3758
400 1828 3595
400 1962 3539
400 2272 3742
400 2015 3976
400 1872 3402
400 2341 3506
400 1908 3481
400 1942 3844
400 1969 3654
400 2114 3446
400 1839 3675
400 1853 3313
400 2276 3691
400 2216 3580
400 1993 3640
400 2033 3813
400 2186 3678
400 2186 3621
400 2393 4460
400 1909 3639
400 2108 3353
400 2331 3967
400 2471 3841
400 2055 3411
400 2172 3523
400 2364 3512
400 2449 3741
400 2281 3808
400 2094 3461
400 2160 3847
400 2223 4503
400 1929 3924
400 2073 3676
400 2268 3941
400 2237 4188
400 1994 3448
400 1943 3931
400 2155 3598
400 2082 3486
400 1974 3426
400 2240 3575
400 2153 4147
400 2242 3840
400 2323 3924
400 2448 3987
400 2258 3693
400 2107 3633
400 2191 4224
400 1837 3482
400 2178 3731
400 2279 3737
400 2719 4105
400 1964 3555
400 2086 3747
400 2220 3644
400 1944 3671
400 2012 3440
400 2147 3386
400 1877 3637
400 2122 3662
400 1931 3425
400 1703 3653
400 1942 3422
400 2106 3934
400 2181 3662
400 2026 3325
400 2099 3339
400 2280 3626
400 2152 3694
400 2139 3732
400 2154 3771
400 1981 3407
400 2174 3476
400 1915 3301
400 2376 3838
400 1830 3525
400 2022 3453
400 2576 4125
400 1805 3631
400 1679 3466
400 2122 3645
400 3285 4517
400 1896 3497
400 2321 3706
400 2115 3995
400 2415 3553
400 2049 3492
400 2142 3494
400 2379 4373
400 2147 3888
400 2066 3486
400 2419 3762
400 2122 4156
400 2219 3766
400 2576 3940
400 2072 3273
400 2035 3357
400 1742 3909
400 2146 3547
450 2197 3958
450 2542 4352
450 2153 4401
450 2024 4057
450 2611 4065
450 2176 4249
450 2807 4241
450 2922 4365
450 2431 4198
450 2443 4136
450 2779 4368
450 2254 3909
450 2171 3844
450 2648 4269
450 2577 4115
450 2167 4031
450 2203 3835
450 2400 3822
450 2497 4452
450 2033 4259
450 2094 4083
450 2473 4316
450 2219 4264
450 3000 4407
450 2694 4266
450 2855 4345
450 2806 4327
450 2579 4448
450 2127 4032
450 2473 3923
450 2344 4255
450 2368 4110
450 2374 3767
450 2309 4199
450 2684 4503
450 2854 4250
450 2826 4911
450 2480 4499
450 2222 4108
450 2564 4141
450 2573 4122
450 2353 3980
450 2417 4583
450 2295 4723
450 2393 4214
450 2771 4236
450 2594 4130
450 2569 4021
450 2456 4463
450 2721 4547
450 2216 3952
450 2582 4704
450 2634 4186
450 2292 3750
450 2349 4177
450 2337 4018
450 2504 4222
450 2070 4157
450 2566 4196
450 2282 4125
450 2746 4247
450 2398 3949
450 2621 4358
450 2283 3906
450 2564 4299
450 2199 4007
450 2424 3923
450 2119 3987
450 2590 4252
450 2537 3995
450 2504 4384
450 2287 4011
450 2945 4288
450 2584 4417
450 2598 4161
450 2342 4028
450 2406 3988
450 2263 3978
450 1993 4386
450 2230 4311
450 2121 4390
450 2686 4117
450 2982 5093
450 2110 4357
450 2607 4226
450 2024 4226
450 2367 4005
450 2509 4458
450 2996 5751
450 2269 4831
450 2721 4355
450 2286 4363
450 2106 4123
450 2603 4427
450 2187 4190
450 2478 4040
450 2395 4357
450 2400 4750
450 2492 4110
450 2224 4041
500 2904 4476
500 2453 5192
500 2586 4753
500 3078 4762
500 2981 5138
500 2388 4694
500 2908 4920
500 2785 4675
500 2679 4367
500 3034 5420
500 2420 4690
500 2497 4850
500 2824 4596
500 2374 4762
500 2948 4553
500 2627 4563
500 2668 4587
500 3211 5070
500 2411 4598
500 2614 4343
500 2876 5231
500 2899 4601
500 2990 4695
500 2799 4576
500 3159 5025
500 2563 4637
500 2951 4886
500 2360 4529
500 3288 5310
500 3103 5329
500 2767 4845
500 2562 4174
500 2470 4818
500 2405 4910
500 2537 4286
500 2624 4454
500 2574 4349
500 2922 5771
500 2771 4652
500 2824 4850
500 2669 4594
500 2584 4386
500 2989 4580
500 3030 5002
500 2342 5219
500 2766 4759
500 2540 4759
500 3108 5027
500 2642 4820
500 3128 4798
500 3600 5686
500 2095 4483
500 2617 4784
500 2777 4660
500 2681 4711
500 3369 5020
500 3464 5699
500 2499 4875
500 2873 5321
500 3136 4831
500 3000 4911
500 3066 5015
500 2849 4429
500 2941 5026
500 2837 5175
500 2634 4427
500 3013 5104
500 3374 4926
500 2586 4533
500 2835 4527
500 2207 4346
500 2846 4720
500 2651 4764
500 2569 4881
500 2576 4816
500 2791 4669
500 3101 4610
500 2609 4836
500 2868 4748
500 2525 4451
500 2581 4435
500 3111 4841
500 3057 4634
500 2508 4765
500 2682 4844
500 3039 5473
500 2844 4654
500 2702 4761
500 2733 4390
500 3791 5978
500 2292 4768
500 2765 4846
500 2838 4859
500 2446 4282
500 2594 4697
500 3000 5153
500 3249 5323
500 2471 4578
500 2887 4398
500 2760 4903
550 2870 5340
550 2951 4872
550 3030 5147
550 2728 4959
550 3149 5357
550 3420 5523
550 2758 5445
550 3437 5653
550 3162 5130
550 3064 5129
550 3123 4956
550 3836 5733
550 3159 5306
550 3683 5396
550 3738 5459
550 3614 5446
550 3166 5140
550 3176 5252
550 2707 5567
550 3101 5055
550 3780 5750
550 3172 5620
550 2663 5411
550 2651 5325
550 3136 5182
550 2831 5124
550 3809 5819
550 3262 5199
550 2781 5049
550 3721 5656
550 3272 5061
550 3363 5381
550 3131 5471
550 2801 5233
550 2958 5292
550 3103 5685
550 2770 5323
550 2866 4969
550 3098 5726
550 3143 5297
550 3236 5349
550 2596 5074
550 3719 5724
550 3079 5723
550 3251 5316
550 3252 5389
550 3269 5482
550 2501 6188
550 2986 4996
550 2748 4805
550 3247 5075
550 3214 5224
550 3170 5053
550 3115 5165
550 2974 5083
550 2758 4929
550 2785 5151
550 3138 4977
550 3726 5508
550 3281 5157
550 3508 5826
550 3324 5122
550 2955 5423
550 3111 5033
550 3008 5183
550 2559 5957
550 2721 5281
550 3354 5233
550 3363 5588
550 3364 5419
550 3823 6245
550 2812 4905
550 3340 5491
550 3402 5762
550 3233 5162
550 3039 5363
550 3178 5663
550 3083 5198
550 3399 5316
550 2881 4996
550 2932 4946
550 3140 5306
550 2765 5239
550 2863 4971
550 3034 5164
550 2560 5027
550 2725 4970
550 2773 5145
550 3757 5553
550 2962 5890
550 3239 5387
550 3035 5182
550 3374 5453
550 2495 5804
550 2939 5372
550 3197 5857
550 3149 6295
550 2915 5113
550 3208 5253
550 3269 5389
600 3775 5930
600 3461 5971
600 3473 5817
600 3492 6632
600 3107 6073
600 3807 6919
600 3737 6510
600 3827 6129
600 3300 5742
600 3635 6228
600 3211 6241
600 3052 5781
600 3860 5938
600 3954 6766
600 3219 5747
600 3905 6308
600 4001 6409
600 3222 5905
600 3526 5799
600 2996 5366
600 3456 5703
600 3241 5740
600 3596 6194
600 3510 5815
600 3282 5341
600 3668 5777
600 4343 6411
600 3044 5583
600 3445 6037
600 3066 6287
600 3163 5922
600 3667 5633
600 3417 5816
600 3352 5986
600 3948 6165
600 3092 5651
600 3294 5817
600 3638 5958
600 4098 6259
600 3243 5903
600 3211 5517
600 3075 5567
600 2993 5398
600 3836 6817
600 3614 5689
600 3382 5492
600 3554 5706
600 3045 5318
600 3526 5787
600 3378 6030
600 3768 5862
600 3353 5801
600 4390 7233
600 3459 6388
600 2974 5506
600 3679 5775
600 4323 6943
600 3083 5759
600 3470 5511
600 3570 5540
600 3365 5722
600 3795 6572
600 3536 5747
600 3184 5973
600 3595 5972
600 3478 5749
600 3208 5982
600 3073 5829
600 3900 6714
600 3623 5893
600 3259 5519
600 3325 5328
600 3116 5669
600 3542 6836
600 3499 6115
600 3298 5665
600 3152 5802
600 3033 5403
600 3181 5581
600 3055 5700
600 3192 6063
600 3869 5983
600 3826 6248
600 3045 5933
600 3320 6628
600 3317 6090
600 3107 5788
600 3272 5606
600 3734 6099
600 3031 5471
600 3928 6825
600 3812 5993
600 3246 5869
600 4168 6745
600 3553 6039
600 4077 6596
600 3553 6629
600 3243 5586
600 3357 5578
600 3902 5841
650 3972 6343
650 3504 6218
650 3826 6405
650 3556 7132
650 3221 6129
650 3375 6358
650 3528 6100
650 3705 6057
650 3706 6347
650 3279 6263
650 3589 6104
650 3217 6476
650 3354 5957
650 3514 6810
650 4567 7346
650 3496 6213
650 3699 6291
650 3328 6971
650 3793 7209
650 4525 6854
650 4236 7314
650 3726 6753
650 3628 6284
650 3821 7106
650 3185 6458
650 5162 7819
650 3873 6487
650 4124 6665
650 4129 6523
650 3698 6353
650 3452 6548
650 5065 7134
650 3534 6241
650 3722 6765
650 3703 6548
650 3655 6378
650 4188 6980
650 4912 7022
650 4302 7119
650 3828 6420
650 3532 6662
650 3698 6382
650 3988 6561
650 3582 5992
650 3989 6306
650 4110 7490
650 4098 6251
650 4243 6931
650 3546 6302
650 3692 6384
650 3467 6572
650 3917 6261
650 3753 6158
650 4757 7607
650 3768 6998
650 3478 6260
650 3633 6273
650 4427 7180
650 3894 6433
650 3885 7170
650 4133 7644
650 3393 6268
650 3307 6523
650 3591 6086
650 3966 7032
650 3317 6233
650 4412 6734
650 3846 6334
650 3468 7012
650 3180 6321
650 4046 6294
650 3799 6182
650 3779 6051
650 3212 6237
650 4040 6714
650 4953 7325
650 3974 7119
650 3832 6809
650 3931 6510
650 4590 7227
650 3762 7022
650 3971 7212
650 4369 6474
650 3508 6090
650 3086 6192
650 3333 6135
650 4162 6989
650 4263 6846
650 3610 5900
650 3422 6485
650 4161 6720
650 3481 6317
650 3638 6477
650 3913 6526
650 3973 6390
650 3614 6456
650 3597 6570
650 3624 6173
650 3858 6752
650 3860 6723
700 3981 6554
700 3891 6724
700 4964 7953
700 5964 9082
700 3957 7120
700 3863 6611
700 4025 7117
700 4149 6900
700 3920 7214
700 3938 7518
700 3435 7196
700 4756 7994
700 4508 7149
700 4044 6808
700 4194 7498
700 4118 6826
700 3646 6431
700 4553 8278
700 4601 7088
700 4371 7007
700 4580 7024
700 4622 7392
700 4277 7011
700 3822 7293
700 4349 7375
700 3892 7117
700 4488 6900
700 5103 8213
700 3657 7027
700 4158 7162
700 3631 7006
700 4140 6996
700 6307 8814
700 4492 6728
700 3522 6574
700 4538 7279
700 3852 7284
700 3520 7362
700 4371 7458
700 3937 6619
700 3849 6699
700 4136 6950
700 4299 8123
700 3815 6906
700 4000 7002
700 4498 7115
700 3758 6697
700 4323 7013
700 3962 7473
700 4207 7679
700 4006 7198
700 3827 7256
700 4214 6748
700 4643 7313
700 4813 8016
700 3967 6962
700 4273 7201
700 3708 6767
700 4141 7386
700 3906 6932
700 3945 7134
700 4343 7129
700 3952 6778
700 3817 6658
700 3852 6649
700 3654 6821
700 5111 7767
700 3750 6800
700 4087 7327
700 3852 6908
700 3513 7095
700 4691 7579
700 3754 6835
700 4203 6951
700 4076 7469
700 4232 6973
700 4492 7215
700 3647 6809
700 4115 6991
700 3827 6916
700 4034 6974
700 4765 7526
700 4072 7273
700 3655 6800
700 3962 6694
700 3756 6724
700 4131 7323
700 3742 6908
700 3638 7039
700 4288 7561
700 4045 7049
700 4655 7699
700 3639 6493
700 4110 7035
700 3682 6559
700 4098 7007
700 4174 7093
700 4719 7430
700 4833 7634
700 3754 6786
750 4270 7230
750 4636 7994
750 4468 8180
750 4595 8418
750 4347 7446
750 4914 7953
750 4519 8369
750 4540 7816
750 5594 8982
750 4647 8114
750 4229 8767
750 4172 7441
750 4499 7477
750 4296 7955
750 4147 7549
750 5178 8401
750 4949 8213
750 4951 7986
750 5127 8110
750 3583 7617
750 5217 8462
750 4460 7886
750 4473 7399
750 4766 7829
750 4472 7382
750 4366 7798
750 4055 8046
750 4129 7696
750 4368 7744
750 4145 7352
750 4682 7900
750 4874 7867
750 5309 7945
750 4131 7008
750 3675 7292
750 5257 8050
750 4520 7445
750 4053 7526
750 3856 6946
750 5100 8510
750 4103 7360
750 3920 8053
750 4222 7229
750 4489 8445
750 4306 7160
750 4414 7484
750 3839 7304
750 4601 8562
750 4431 7885
750 4240 7533
750 4676 8092
750 3889 7051
750 4129 7231
750 4099 7969
750 4475 7310
750 5193 8166
750 5472 8277
750 4097 7316
750 4714 7381
750 4569 7438
750 4931 7990
750 3756 7504
750 4869 7536
750 3955 7377
750 4109 7339
750 3622 7469
750 3974 7130
750 4376 7568
750 3968 7411
750 4327 7380
750 4783 7843
750 4374 7640
750 4357 7737
750 4458 7700
750 4317 7106
750 4760 8388
750 4262 7768
750 5667 8757
750 4793 7786
750 4888 8490
750 4089 7384
750 4756 9415
750 4005 7184
750 5243 8032
750 4114 7723
750 4253 7571
750 4502 8343
750 4897 9110
750 5469 8225
750 4493 7949
750 3549 7234
750 3950 7245
750 4562 7477
750 4484 7132
750 3783 7556
750 4145 8000
750 4181 7779
750 3985 7112
750 4037 7780
750 4067 8281
800 4733 8783
800 4654 8426
800 4769 8546
800 5047 8465
800 5692 8634
800 4622 8157
800 5338 9335
800 6630 9870
800 4765 8334
800 4428 8186
800 5515 8746
800 4709 7769
800 4640 7828
800 5129 8551
800 4439 8252
800 4875 8142
800 4285 8325
800 4937 7910
800 5114 8216
800 4679 7904
800 4588 8427
800 5219 8908
800 5375 9084
800 4510 9272
800 5735 9234
800 4087 7773
800 4826 7796
800 4461 8543
800 4708 7836
800 5684 8491
800 5189 8168
800 6365 9036
800 5608 8848
800 4369 8195
800 4811 8514
800 4188 7847
800 6015 9812
800 5313 8522
800 4547 7726
800 4752 8364
800 5271 8620
800 3904 7907
800 5439 8369
800 4379 8200
800 5396 8534
800 4705 8070
800 4642 8599
800 4784 7772
800 5133 8538
800 4370 7792
800 4580 8205
800 4242 8038
800 4706 7905
800 5801 8950
800 4539 8361
800 4174 8127
800 5446 9597
800 4448 8431
800 4389 8171
800 5086 7960
800 4977 8490
800 4196 8359
800 4161 8419
800 5333 8188
800 5593 9484
800 4712 7999
800 5284 8120
800 5272 8751
800 4457 7816
800 5248 8497
800 5852 8369
800 4442 8408
800 4835 8920
800 5090 8236
800 4326 7822
800 5736 9017
800 5147 8406
800 4826 8155
800 4586 7817
800 4329 7943
800 4786 8675
800 4137 8260
800 5381 8559
800 4688 8520
800 4099 7458
800 5262 9159
800 4736 8005
800 5389 8177
800 4176 8319
800 5431 10082
800 4555 8149
800 5436 8945
800 4291 7867
800 5197 8743
800 4882 7939
800 4277 8499
800 4479 8527
800 4921 8341
800 3845 8454
800 4929 8754
850 4624 8432
850 4821 8798
850 4708 9131
850 5605 9177
850 4533 9259
850 4639 8644
850 4741 8829
850 5118 9440
850 4816 8524
850 6124 9362
850 5025 9830
850 4974 8564
850 4345 8198
850 5273 9440
850 4926 9118
850 5196 8327
850 5077 8375
850 5469 9251
850 4119 9615
850 6095 9710
850 5986 9720
850 5098 8372
850 5457 8792
850 6067 10051
850 4723 9104
850 4121 8790
850 5061 8513
850 5979 9262
850 4514 9116
850 5939 9782
850 5053 9748
850 4858 9050
850 5731 8815
850 4836 8376
850 4832 8574
850 4824 8728
850 4704 9036
850 4624 8798
850 5873 9352
850 5428 9580
850 4584 9205
850 5365 8405
850 4498 9041
850 4787 9158
850 5551 8940
850 5662 10130
850 5663 8771
850 5424 9203
850 4930 9035
850 7150 10503
850 4848 8827
850 5585 8728
850 5090 8934
850 4851 8776
850 5666 8895
850 5061 9147
850 5319 9370
850 5006 8397
850 4886 9930
850 5305 8930
850 5422 8895
850 5366 8525
850 5187 8820
850 5585 9321
850 4950 8355
850 4518 9400
850 5694 9698
850 5472 8912
850 5865 8962
850 5189 10077
850 4430 8823
850 4487 8290
850 4732 9432
850 4649 8846
850 5229 9285
850 4193 9699
850 5537 10297
850 5420 8646
850 5367 8834
850 5231 9188
850 6532 9813
850 5146 10012
850 4190 8740
850 5509 9108
850 5360 9252
850 5797 9048
850 5626 9271
850 5908 10374
850 5378 9043
850 5204 8585
850 4382 8981
850 4482 8325
850 5473 9427
850 5824 9109
850 5549 9619
850 4734 8731
850 6139 9182
850 5138 9401
850 5159 8066
850 5872 9690
900 5979 9410
900 5940 10393
900 5654 9843
900 5142 9220
900 5393 9726
900 5451 9246
900 4990 9538
900 5247 9900
900 5971 9697
900 5688 10117
900 5145 9354
900 5478 9233
900 4856 8769
900 5251 9028
900 6524 10119
900 4791 9836
900 5770 9279
900 5457 9121
900 5494 9426
900 4688 8713
900 4973 9056
900 5499 8886
900 5126 9556
900 5291 9180
900 4699 9722
900 4692 9983
900 5076 9357
900 6311 9992
900 5743 10236
900 5294 9154
900 6379 10694
900 5571 9561
900 5164 8903
900 5382 9701
900 5710 9315
900 5005 9498
900 5476 9330
900 5748 9745
900 5918 9527
900 5417 9655
900 5269 9229
900 4996 9245
900 5642 10381
900 5805 10785
900 5625 9788
900 5280 9048
900 5391 9558
900 6947 10391
900 5313 8992
900 5369 9258
900 4667 8747
900 5367 9811
900 5378 9329
900 6147 9560
900 6243 10217
900 5319 10103
900 4915 9078
900 4844 8846
900 5842 9513
900 5416 9426
900 5818 9425
900 5565 9403
900 4834 9816
900 5649 9862
900 5127 8817
900 6227 10526
900 5169 9898
900 5240 9277
900 5961 9720
900 5833 10149
900 5550 10128
900 6616 10079
900 5457 9419
900 5630 8977
900 5699 9823
900 5524 10161
900 6762 10350
900 4635 9116
900 5602 9986
900 4848 9261
900 6274 10110
900 5356 9372
900 6027 9995
900 5638 10262
900 5714 9423
900 6253 10513
900 5489 9263
900 5079 9101
900 5236 9479
900 5709 9390
900 6372 9958
900 5627 9525
900 5594 9552
900 4985 10049
900 4814 8961
900 5522 9035
900 5390 10073
900 5160 9804
900 5036 9394
900 5847 9460
950 5416 10590
950 5578 10518
950 5516 9450
950 5579 9950
950 5520 10110
950 5448 9850
950 7499 12365
950 6159 10825
950 5203 9561
950 5327 10227
950 6421 10025
950 6026 10336
950 6019 9979
950 6325 11496
950 6037 12797
950 6172 10575
950 5571 9425
950 6747 12817
950 5894 10656
950 5375 10285
950 4993 10652
950 6626 10679
950 6130 10329
950 6444 10507
950 4859 9765
950 6503 10411
950 6391 10585
950 5726 10330
950 5651 11053
950 5856 10379
950 6190 11479
950 7282 11070
950 5281 9899
950 5474 9796
950 5730 10119
950 5672 10122
950 5506 10298
950 5527 10044
950 5761 9359
950 6694 10288
950 6058 9968
950 5114 10214
950 5924 10385
950 6514 10199
950 6011 11455
950 6067 10715
950 5497 9710
950 6564 11031
950 5242 10487
950 5439 10417
950 5680 10462
950 5506 9593
950 5727 9589
950 5348 10162
950 5192 10404
950 6108 10693
950 5643 9558
950 5220 10027
950 4965 9146
950 7021 10938
950 5921 9769
950 5487 10138
950 5513 9556
950 5827 10367
950 5818 10806
950 5612 10614
950 6359 10501
950 5516 10147
950 5159 9909
950 6727 10677
950 6366 10032
950 6345 11751
950 5733 10018
950 5216 10023
950 5685 10158
950 5522 10506
950 5912 10514
950 5183 10217
950 5273 9869
950 5674 10569
950 5701 10334
950 5747 10764
950 6030 9951
950 6372 10133
950 5902 11696
950 6550 11049
950 5962 10554
950 5987 9574
950 5147 10099
950 6138 10191
950 5946 9623
950 6117 9870
950 6117 10556
950 6872 10268
950 5652 9952
950 5259 9587
950 6514 10865
950 6716 10508
950 5302 10498
950 7018 10871
1000 5744 10194
1000 5864 12401
1000 6420 11458
1000 6345 10714
1000 7260 11786
1000 7151 10856
1000 7354 12589
1000 5910 10581
1000 6167 11420
1000 6077 10403
1000 5631 10138
1000 7280 11190
1000 6840 10479
1000 6165 10412
1000 7671 11591
1000 5957 10636
1000 8649 13150
1000 6674 11171
1000 6334 11414
1000 5299 11058
1000 5771 10737
1000 5806 11724
1000 5667 9963
1000 6269 10514
1000 6416 10696
1000 6299 10781
1000 6231 10952
1000 5506 10348
1000 7443 12428
1000 7706 13007
1000 6527 10532
1000 6739 12097
1000 7647 12369
1000 6143 11332
1000 6683 10963
1000 6011 10750
1000 7171 11220
1000 6341 10162
1000 7516 11274
1000 6026 10543
1000 5876 10398
1000 5330 11040
1000 6409 10406
1000 6083 10251
1000 7143 12375
1000 6519 10515
1000 5987 10187
1000 7268 10808
1000 6763 10922
1000 7425 11762
1000 5795 11964
1000 5567 10158
1000 7050 10898
1000 7166 11988
1000 6151 11323
1000 5967 10064
1000 5592 10651
1000 6331 10605
1000 6448 10520
1000 5945 10445
1000 7067 12373
1000 6318 10683
1000 6088 11199
1000 6770 10646
1000 5576 10426
1000 5845 11854
1000 5789 10688
1000 5921 10162
1000 6576 12079
1000 6262 10506
1000 6580 10426
1000 6397 10805
1000 5957 10129
1000 6344 10580
1000 5983 10479
1000 5575 11334
1000 5901 9878
1000 6372 11807
1000 5830 11247
1000 6071 10679
1000 5814 9927
1000 5994 10827
1000 6281 10856
1000 6002 11357
1000 6091 11574
1000 6258 10590
1000 5753 11292
1000 7481 11785
1000 6019 11167
1000 5784 10043
1000 6220 11693
1000 6331 10181
1000 6390 10589
1000 5688 10931
1000 6273 10450
1000 6100 10630
1000 6584 10268
1000 6317 11568
1000 5647 10238
1000 6331 10296
