size_n, comp_avg,  comp_maks, reads_avg, reads_maks, h_avg,   h_final   h_maks \n
80000, 55780.858806, 159999.000000, 15782.055637, 79666.000000, 51495.631062, 48506.000000, 80000.000000 
80000, 55750.524769, 159999.000000, 15751.721225, 79909.000000, 51479.626263, 48566.000000, 80000.000000 
80000, 55807.221094, 159999.000000, 15808.414937, 79714.000000, 51588.357144, 48984.000000, 80000.000000 
80000, 55755.646444, 159999.000000, 15756.842538, 79740.000000, 51494.661650, 48624.000000, 80000.000000 
80000, 55698.748894, 159999.000000, 15699.945619, 79805.000000, 51459.746250, 48523.000000, 80000.000000 
80000, 55762.370713, 159999.000000, 15763.567444, 79921.000000, 51499.376050, 48522.000000, 80000.000000 
80000, 55681.774181, 159999.000000, 15682.971931, 79609.000000, 51423.707569, 48359.000000, 80000.000000 
80000, 55778.647075, 159999.000000, 15779.844237, 79904.000000, 51463.015550, 48453.000000, 80000.000000 
80000, 55740.043250, 159999.000000, 15741.240375, 79927.000000, 51472.255381, 48459.000000, 80000.000000 
80000, 55746.636106, 159999.000000, 15747.832231, 79643.000000, 51499.082319, 48619.000000, 80000.000000 
90000, 62743.325244, 179999.000000, 17744.522194, 89628.000000, 57875.596228, 54548.000000, 90000.000000 
90000, 62666.568267, 179999.000000, 17667.766094, 89714.000000, 57857.145633, 54390.000000, 90000.000000 
90000, 62731.302911, 179999.000000, 17732.499133, 89635.000000, 57963.965372, 54679.000000, 90000.000000 
90000, 62644.524511, 179999.000000, 17645.720794, 89759.000000, 57899.283728, 54668.000000, 90000.000000 
90000, 62611.623556, 179999.000000, 17612.821267, 89669.000000, 57882.330972, 54411.000000, 90000.000000 
90000, 62712.918572, 179999.000000, 17714.115406, 89841.000000, 57894.512622, 54569.000000, 90000.000000 
90000, 62628.231917, 179999.000000, 17629.428378, 89564.000000, 57905.898339, 54636.000000, 90000.000000 
90000, 62735.441261, 179999.000000, 17736.637711, 89893.000000, 57887.421872, 54638.000000, 90000.000000 
90000, 62749.009967, 179999.000000, 17750.205344, 89866.000000, 57983.557228, 54831.000000, 90000.000000 
90000, 62684.951811, 179999.000000, 17686.148878, 89639.000000, 57921.088811, 54527.000000, 90000.000000 
100000, 69643.418280, 199999.000000, 19644.614455, 99869.000000, 64361.292645, 60764.000000, 100000.000000 
100000, 69698.677705, 199999.000000, 19699.873845, 99899.000000, 64353.076990, 60771.000000, 100000.000000 
100000, 69709.045710, 199999.000000, 19710.243015, 99801.000000, 64303.624030, 60538.000000, 100000.000000 
100000, 69697.728810, 199999.000000, 19698.925625, 99611.000000, 64343.478825, 60636.000000, 100000.000000 
100000, 69630.163690, 199999.000000, 19631.360310, 99763.000000, 64351.521740, 60675.000000, 100000.000000 
100000, 69669.398280, 199999.000000, 19670.595190, 99918.000000, 64306.368690, 60617.000000, 100000.000000 
100000, 69625.120265, 199999.000000, 19626.316620, 99633.000000, 64365.294085, 60728.000000, 100000.000000 
100000, 69610.769075, 199999.000000, 19611.965795, 99939.000000, 64315.260375, 60655.000000, 100000.000000 
100000, 69736.545990, 199999.000000, 19737.742555, 99698.000000, 64396.857820, 60686.000000, 100000.000000 
100000, 69633.383860, 199999.000000, 19634.581460, 99663.000000, 64302.875040, 60479.000000, 100000.000000 
