size_n, comp_avg,  comp_maks, reads_avg, reads_maks, h_avg,   h_final   h_maks \n
10000, 6962.895200, 19999.000000, 1964.092600, 9885.000000, 6430.455700, 6051.000000, 10000.000000 
10000, 6960.578850, 19999.000000, 1961.777800, 9906.000000, 6422.292900, 6020.000000, 10000.000000 
10000, 6975.584400, 19999.000000, 1976.777800, 9972.000000, 6449.128150, 6131.000000, 10000.000000 
10000, 6978.628300, 19999.000000, 1979.825800, 9929.000000, 6428.643500, 6049.000000, 10000.000000 
10000, 6990.942450, 19999.000000, 1992.136050, 9911.000000, 6444.135250, 6127.000000, 10000.000000 
10000, 6958.377600, 19999.000000, 1959.573400, 9888.000000, 6439.200750, 6083.000000, 10000.000000 
10000, 6959.708050, 19999.000000, 1960.904450, 9902.000000, 6427.727650, 6071.000000, 10000.000000 
10000, 6967.794300, 19999.000000, 1968.987550, 9903.000000, 6447.635100, 6134.000000, 10000.000000 
10000, 6970.561700, 19999.000000, 1971.758100, 9877.000000, 6433.559000, 6071.000000, 10000.000000 
10000, 6988.570700, 19999.000000, 1989.768850, 9814.000000, 6412.505700, 6036.000000, 10000.000000 
10000, 6972.998100, 19999.000000, 1974.193400, 9894.000000, 6444.988900, 6093.000000, 10000.000000 
10000, 6949.989450, 19999.000000, 1951.184600, 9982.000000, 6436.458550, 6096.000000, 10000.000000 
10000, 6971.515100, 19999.000000, 1972.709800, 9951.000000, 6458.887250, 6105.000000, 10000.000000 
10000, 6957.343800, 19999.000000, 1958.542350, 9870.000000, 6431.830900, 6028.000000, 10000.000000 
10000, 6974.770350, 19999.000000, 1975.964100, 9871.000000, 6455.344500, 6124.000000, 10000.000000 
10000, 6964.612450, 19999.000000, 1965.810300, 9895.000000, 6431.259600, 6042.000000, 10000.000000 
10000, 6977.890550, 19999.000000, 1979.087250, 9951.000000, 6445.399800, 6065.000000, 10000.000000 
10000, 6987.142200, 19999.000000, 1988.337450, 9971.000000, 6440.663200, 6094.000000, 10000.000000 
10000, 6951.933000, 19999.000000, 1953.128900, 9974.000000, 6435.253500, 6081.000000, 10000.000000 
10000, 6959.258600, 19999.000000, 1960.457800, 9902.000000, 6408.799900, 6015.000000, 10000.000000 
20000, 13914.101125, 39999.000000, 3915.295650, 19807.000000, 12889.221875, 12218.000000, 20000.000000 
20000, 13903.221300, 39999.000000, 3904.418225, 19898.000000, 12853.025025, 12122.000000, 20000.000000 
20000, 13953.581450, 39999.000000, 3954.777925, 19896.000000, 12874.372875, 12140.000000, 20000.000000 
20000, 13951.867350, 39999.000000, 3953.063575, 19890.000000, 12878.505825, 12150.000000, 20000.000000 
20000, 13915.645075, 39999.000000, 3916.843475, 19855.000000, 12852.407175, 12063.000000, 20000.000000 
20000, 13892.156750, 39999.000000, 3893.354050, 19928.000000, 12845.262825, 12107.000000, 20000.000000 
20000, 13901.935075, 39999.000000, 3903.131125, 19833.000000, 12861.506700, 12157.000000, 20000.000000 
20000, 13917.065925, 39999.000000, 3918.263225, 19946.000000, 12859.096550, 12107.000000, 20000.000000 
20000, 13917.017175, 39999.000000, 3918.216675, 19839.000000, 12831.142275, 12019.000000, 20000.000000 
20000, 13930.130075, 39999.000000, 3931.326000, 19872.000000, 12869.392300, 12162.000000, 20000.000000 
20000, 13927.883500, 39999.000000, 3929.080025, 19981.000000, 12873.356725, 12138.000000, 20000.000000 
20000, 13944.529250, 39999.000000, 3945.726525, 19896.000000, 12848.157550, 12108.000000, 20000.000000 
20000, 13944.230900, 39999.000000, 3945.428350, 19892.000000, 12846.028125, 12101.000000, 20000.000000 
20000, 13920.486475, 39999.000000, 3921.684550, 19882.000000, 12858.958300, 12076.000000, 20000.000000 
20000, 13942.524450, 39999.000000, 3943.720000, 19827.000000, 12878.160975, 12177.000000, 20000.000000 
20000, 13922.532250, 39999.000000, 3923.727500, 19897.000000, 12877.641575, 12189.000000, 20000.000000 
20000, 13965.438150, 39999.000000, 3966.633775, 19823.000000, 12892.368950, 12174.000000, 20000.000000 
20000, 13919.156900, 39999.000000, 3920.354800, 19803.000000, 12855.327050, 12083.000000, 20000.000000 
20000, 13939.594175, 39999.000000, 3940.791325, 19793.000000, 12882.816600, 12113.000000, 20000.000000 
20000, 13950.250575, 39999.000000, 3951.447850, 19809.000000, 12869.528575, 12108.000000, 20000.000000 
30000, 20930.561000, 59999.000000, 5931.756267, 29598.000000, 19306.688733, 18283.000000, 30000.000000 
30000, 20921.386550, 59999.000000, 5922.582750, 29770.000000, 19305.738583, 18227.000000, 30000.000000 
30000, 20908.807517, 59999.000000, 5910.004717, 29955.000000, 19291.778667, 18167.000000, 30000.000000 
30000, 20874.429350, 59999.000000, 5875.625317, 29949.000000, 19296.097067, 18241.000000, 30000.000000 
30000, 20957.810250, 59999.000000, 5959.006917, 29881.000000, 19310.782067, 18199.000000, 30000.000000 
30000, 20884.750417, 59999.000000, 5885.947433, 29879.000000, 19301.915817, 18178.000000, 30000.000000 
30000, 20926.507317, 59999.000000, 5927.704033, 29947.000000, 19293.579717, 18196.000000, 30000.000000 
30000, 20926.980667, 59999.000000, 5928.178017, 29939.000000, 19291.443117, 18158.000000, 30000.000000 
30000, 20913.112417, 59999.000000, 5914.310317, 29826.000000, 19308.327783, 18125.000000, 30000.000000 
30000, 20869.123200, 59999.000000, 5870.319683, 29861.000000, 19318.247800, 18210.000000, 30000.000000 
30000, 20939.364167, 59999.000000, 5940.560800, 29940.000000, 19328.772150, 18201.000000, 30000.000000 
30000, 20908.791500, 59999.000000, 5909.989100, 29971.000000, 19276.193400, 18143.000000, 30000.000000 
30000, 20884.277900, 59999.000000, 5885.475067, 29909.000000, 19302.442350, 18169.000000, 30000.000000 
30000, 20887.966667, 59999.000000, 5889.164067, 29897.000000, 19271.089950, 18155.000000, 30000.000000 
30000, 20914.404433, 59999.000000, 5915.601567, 29942.000000, 19304.983450, 18171.000000, 30000.000000 
30000, 20915.634533, 59999.000000, 5916.832883, 29864.000000, 19292.645550, 18098.000000, 30000.000000 
30000, 20850.243933, 59999.000000, 5851.441400, 29830.000000, 19303.677733, 18151.000000, 30000.000000 
30000, 20911.432117, 59999.000000, 5912.629217, 29924.000000, 19303.347367, 18173.000000, 30000.000000 
30000, 20940.514550, 59999.000000, 5941.710650, 29803.000000, 19305.596467, 18233.000000, 30000.000000 
30000, 20898.685050, 59999.000000, 5899.883533, 29962.000000, 19273.974533, 18090.000000, 30000.000000 
40000, 27832.800462, 79999.000000, 7833.998000, 39802.000000, 25728.724387, 24196.000000, 40000.000000 
40000, 27824.046150, 79999.000000, 7825.243575, 39733.000000, 25727.885038, 24205.000000, 40000.000000 
40000, 27862.342812, 79999.000000, 7863.540050, 39594.000000, 25730.275750, 24220.000000, 40000.000000 
40000, 27824.663412, 79999.000000, 7825.861963, 39940.000000, 25730.072037, 24115.000000, 40000.000000 
40000, 27896.823275, 79999.000000, 7898.020763, 39977.000000, 25733.181025, 24200.000000, 40000.000000 
40000, 27857.358950, 79999.000000, 7858.555825, 39802.000000, 25733.891275, 24249.000000, 40000.000000 
40000, 27865.441175, 79999.000000, 7866.637675, 39862.000000, 25746.750700, 24279.000000, 40000.000000 
40000, 27852.518175, 79999.000000, 7853.715650, 39905.000000, 25716.860313, 24201.000000, 40000.000000 
40000, 27782.605137, 79999.000000, 7783.803287, 39793.000000, 25702.571137, 24147.000000, 40000.000000 
40000, 27882.082350, 79999.000000, 7883.276963, 39799.000000, 25779.316850, 24430.000000, 40000.000000 
40000, 27844.994150, 79999.000000, 7846.190787, 39813.000000, 25730.889162, 24268.000000, 40000.000000 
40000, 27910.180950, 79999.000000, 7911.376675, 39909.000000, 25759.874125, 24341.000000, 40000.000000 
40000, 27873.543025, 79999.000000, 7874.740813, 39895.000000, 25719.690525, 24176.000000, 40000.000000 
40000, 27837.494038, 79999.000000, 7838.691488, 39941.000000, 25712.847513, 24203.000000, 40000.000000 
40000, 27833.730325, 79999.000000, 7834.928362, 39866.000000, 25720.600338, 24156.000000, 40000.000000 
40000, 27912.845587, 79999.000000, 7914.041512, 39812.000000, 25761.949163, 24325.000000, 40000.000000 
40000, 27887.122687, 79999.000000, 7888.317788, 39660.000000, 25763.485025, 24391.000000, 40000.000000 
40000, 27818.360375, 79999.000000, 7819.557537, 39916.000000, 25721.137575, 24226.000000, 40000.000000 
40000, 27873.426912, 79999.000000, 7874.622850, 39830.000000, 25773.753375, 24324.000000, 40000.000000 
40000, 27858.022300, 79999.000000, 7859.217600, 39838.000000, 25761.051387, 24375.000000, 40000.000000 
50000, 34810.141870, 99999.000000, 9811.338750, 49774.000000, 32126.633780, 30311.000000, 50000.000000 
50000, 34820.682880, 99999.000000, 9821.880750, 49829.000000, 32146.891310, 30212.000000, 50000.000000 
50000, 34759.677050, 99999.000000, 9760.874120, 49781.000000, 32141.298040, 30292.000000, 50000.000000 
50000, 34857.710620, 99999.000000, 9858.906130, 49840.000000, 32243.797730, 30448.000000, 50000.000000 
50000, 34841.650460, 99999.000000, 9842.846780, 49924.000000, 32181.048830, 30367.000000, 50000.000000 
50000, 34806.201510, 99999.000000, 9807.399710, 49812.000000, 32132.342490, 30179.000000, 50000.000000 
50000, 34844.578390, 99999.000000, 9845.774380, 49889.000000, 32167.423920, 30400.000000, 50000.000000 
50000, 34851.204180, 99999.000000, 9852.401380, 49863.000000, 32173.360420, 30279.000000, 50000.000000 
50000, 34818.776190, 99999.000000, 9819.973860, 49680.000000, 32144.559950, 30232.000000, 50000.000000 
50000, 34775.917180, 99999.000000, 9777.115350, 49817.000000, 32161.018270, 30182.000000, 50000.000000 
50000, 34849.871070, 99999.000000, 9851.068350, 49659.000000, 32132.604760, 30271.000000, 50000.000000 
50000, 34836.165030, 99999.000000, 9837.361970, 49856.000000, 32154.763030, 30305.000000, 50000.000000 
50000, 34788.071210, 99999.000000, 9789.268450, 49865.000000, 32144.886300, 30275.000000, 50000.000000 
50000, 34824.119810, 99999.000000, 9825.315920, 49616.000000, 32193.116380, 30388.000000, 50000.000000 
50000, 34840.558550, 99999.000000, 9841.754820, 49824.000000, 32175.922370, 30372.000000, 50000.000000 
50000, 34864.858320, 99999.000000, 9866.054260, 49915.000000, 32185.470450, 30405.000000, 50000.000000 
50000, 34786.867640, 99999.000000, 9788.064590, 49772.000000, 32164.911960, 30304.000000, 50000.000000 
50000, 34834.285220, 99999.000000, 9835.481690, 49855.000000, 32191.708210, 30352.000000, 50000.000000 
50000, 34872.795050, 99999.000000, 9873.991720, 49749.000000, 32192.774580, 30332.000000, 50000.000000 
50000, 34845.498370, 99999.000000, 9846.693810, 49625.000000, 32194.927390, 30455.000000, 50000.000000 
60000, 41824.529317, 119999.000000, 11825.726092, 59733.000000, 38610.790617, 36386.000000, 60000.000000 
60000, 41842.340750, 119999.000000, 11843.538558, 59877.000000, 38580.806750, 36262.000000, 60000.000000 
60000, 41826.112833, 119999.000000, 11827.310075, 59826.000000, 38587.989067, 36330.000000, 60000.000000 
60000, 41850.205083, 119999.000000, 11851.402500, 59871.000000, 38572.022933, 36309.000000, 60000.000000 
60000, 41776.323350, 119999.000000, 11777.520025, 59817.000000, 38585.765033, 36398.000000, 60000.000000 
60000, 41816.065067, 119999.000000, 11817.261900, 59702.000000, 38612.268683, 36379.000000, 60000.000000 
60000, 41813.960650, 119999.000000, 11815.156442, 59652.000000, 38623.897500, 36504.000000, 60000.000000 
60000, 41809.786917, 119999.000000, 11810.983100, 59670.000000, 38654.397308, 36457.000000, 60000.000000 
60000, 41812.625475, 119999.000000, 11813.822408, 59960.000000, 38625.202133, 36367.000000, 60000.000000 
60000, 41774.250867, 119999.000000, 11775.447975, 59947.000000, 38610.280475, 36346.000000, 60000.000000 
60000, 41848.170992, 119999.000000, 11849.367758, 59953.000000, 38643.849400, 36387.000000, 60000.000000 
60000, 41773.646375, 119999.000000, 11774.843133, 59632.000000, 38601.952100, 36388.000000, 60000.000000 
60000, 41807.885000, 119999.000000, 11809.080692, 59690.000000, 38645.240642, 36516.000000, 60000.000000 
60000, 41808.957000, 119999.000000, 11810.152892, 59765.000000, 38653.160067, 36492.000000, 60000.000000 
60000, 41806.761242, 119999.000000, 11807.957800, 59917.000000, 38628.382925, 36412.000000, 60000.000000 
60000, 41885.371983, 119999.000000, 11886.567725, 59729.000000, 38608.670833, 36510.000000, 60000.000000 
60000, 41819.087383, 119999.000000, 11820.283642, 59904.000000, 38629.512792, 36448.000000, 60000.000000 
60000, 41838.096392, 119999.000000, 11839.290875, 59663.000000, 38696.144158, 36661.000000, 60000.000000 
60000, 41816.155542, 119999.000000, 11817.351358, 59662.000000, 38664.573533, 36501.000000, 60000.000000 
60000, 41788.090467, 119999.000000, 11789.286817, 59594.000000, 38609.517000, 36437.000000, 60000.000000 
70000, 48735.583257, 139999.000000, 13736.781271, 69609.000000, 45020.566764, 42277.000000, 70000.000000 
70000, 48751.892629, 139999.000000, 13753.089936, 69894.000000, 45030.478971, 42376.000000, 70000.000000 
70000, 48727.859650, 139999.000000, 13729.054907, 69536.000000, 45052.418314, 42663.000000, 70000.000000 
70000, 48733.008393, 139999.000000, 13734.205293, 69772.000000, 45049.552657, 42433.000000, 70000.000000 
70000, 48775.962029, 139999.000000, 13777.158171, 69756.000000, 45097.001486, 42539.000000, 70000.000000 
70000, 48702.606057, 139999.000000, 13703.803207, 69933.000000, 45024.986300, 42398.000000, 70000.000000 
70000, 48779.819929, 139999.000000, 13781.017143, 69963.000000, 45028.210000, 42389.000000, 70000.000000 
70000, 48776.084986, 139999.000000, 13777.281879, 69666.000000, 45043.351414, 42434.000000, 70000.000000 
70000, 48791.746700, 139999.000000, 13792.943029, 69745.000000, 45054.467443, 42513.000000, 70000.000000 
70000, 48833.162964, 139999.000000, 13834.359143, 69907.000000, 45071.150843, 42534.000000, 70000.000000 
70000, 48772.974457, 139999.000000, 13774.170314, 69905.000000, 45096.797329, 42579.000000, 70000.000000 
70000, 48678.736129, 139999.000000, 13679.933950, 69535.000000, 45021.037707, 42304.000000, 70000.000000 
70000, 48803.164464, 139999.000000, 13804.361064, 69807.000000, 45070.698514, 42475.000000, 70000.000000 
70000, 48739.738593, 139999.000000, 13740.935621, 69789.000000, 45029.857707, 42415.000000, 70000.000000 
80000, 55780.858806, 159999.000000, 15782.055637, 79666.000000, 51495.631062, 48506.000000, 80000.000000 
80000, 55750.524769, 159999.000000, 15751.721225, 79909.000000, 51479.626263, 48566.000000, 80000.000000 
80000, 55807.221094, 159999.000000, 15808.414937, 79714.000000, 51588.357144, 48984.000000, 80000.000000 
80000, 55755.646444, 159999.000000, 15756.842538, 79740.000000, 51494.661650, 48624.000000, 80000.000000 
80000, 55698.748894, 159999.000000, 15699.945619, 79805.000000, 51459.746250, 48523.000000, 80000.000000 
80000, 55762.370713, 159999.000000, 15763.567444, 79921.000000, 51499.376050, 48522.000000, 80000.000000 
80000, 55681.774181, 159999.000000, 15682.971931, 79609.000000, 51423.707569, 48359.000000, 80000.000000 
80000, 55778.647075, 159999.000000, 15779.844237, 79904.000000, 51463.015550, 48453.000000, 80000.000000 
80000, 55740.043250, 159999.000000, 15741.240375, 79927.000000, 51472.255381, 48459.000000, 80000.000000 
80000, 55746.636106, 159999.000000, 15747.832231, 79643.000000, 51499.082319, 48619.000000, 80000.000000 
90000, 62743.325244, 179999.000000, 17744.522194, 89628.000000, 57875.596228, 54548.000000, 90000.000000 
90000, 62666.568267, 179999.000000, 17667.766094, 89714.000000, 57857.145633, 54390.000000, 90000.000000 
90000, 62731.302911, 179999.000000, 17732.499133, 89635.000000, 57963.965372, 54679.000000, 90000.000000 
90000, 62644.524511, 179999.000000, 17645.720794, 89759.000000, 57899.283728, 54668.000000, 90000.000000 
90000, 62611.623556, 179999.000000, 17612.821267, 89669.000000, 57882.330972, 54411.000000, 90000.000000 
90000, 62712.918572, 179999.000000, 17714.115406, 89841.000000, 57894.512622, 54569.000000, 90000.000000 
90000, 62628.231917, 179999.000000, 17629.428378, 89564.000000, 57905.898339, 54636.000000, 90000.000000 
90000, 62735.441261, 179999.000000, 17736.637711, 89893.000000, 57887.421872, 54638.000000, 90000.000000 
90000, 62749.009967, 179999.000000, 17750.205344, 89866.000000, 57983.557228, 54831.000000, 90000.000000 
90000, 62684.951811, 179999.000000, 17686.148878, 89639.000000, 57921.088811, 54527.000000, 90000.000000 
100000, 69643.418280, 199999.000000, 19644.614455, 99869.000000, 64361.292645, 60764.000000, 100000.000000 
100000, 69698.677705, 199999.000000, 19699.873845, 99899.000000, 64353.076990, 60771.000000, 100000.000000 
100000, 69709.045710, 199999.000000, 19710.243015, 99801.000000, 64303.624030, 60538.000000, 100000.000000 
100000, 69697.728810, 199999.000000, 19698.925625, 99611.000000, 64343.478825, 60636.000000, 100000.000000 
100000, 69630.163690, 199999.000000, 19631.360310, 99763.000000, 64351.521740, 60675.000000, 100000.000000 
100000, 69669.398280, 199999.000000, 19670.595190, 99918.000000, 64306.368690, 60617.000000, 100000.000000 
100000, 69625.120265, 199999.000000, 19626.316620, 99633.000000, 64365.294085, 60728.000000, 100000.000000 
100000, 69610.769075, 199999.000000, 19611.965795, 99939.000000, 64315.260375, 60655.000000, 100000.000000 
100000, 69736.545990, 199999.000000, 19737.742555, 99698.000000, 64396.857820, 60686.000000, 100000.000000 
100000, 69633.383860, 199999.000000, 19634.581460, 99663.000000, 64302.875040, 60479.000000, 100000.000000 
